1.122020e+06 2.515290e-13 5.145610e-14 5.145610e-14 7.715130e-13 3.919070e-14 3.919070e-14
1.412540e+06 1.337860e-13 2.649950e-14 2.649950e-14 3.496970e-13 1.758220e-14 1.758220e-14
1.778280e+06 7.165400e-14 1.190750e-14 1.190750e-14 1.686330e-13 9.376610e-15 9.376610e-15
2.238720e+06 4.153990e-14 8.196310e-15 8.196310e-15 9.429940e-14 5.418500e-15 5.418500e-15
2.818380e+06 2.260130e-14 6.295560e-15 6.295560e-15 4.917040e-14 3.077650e-15 3.077650e-15
3.548130e+06 9.690650e-15 2.715100e-15 2.715100e-15 2.699130e-14 1.935640e-15 1.935640e-15
4.466840e+06 3.970220e-15 1.085460e-15 1.085460e-15 1.350740e-14 1.239540e-15 1.239540e-15
5.623410e+06 1.606380e-15 5.312570e-16 5.312570e-16 5.773730e-15 5.848210e-16 5.848210e-16
7.079460e+06 5.744360e-16 2.514420e-16 2.514420e-16 2.525310e-15 4.074180e-16 4.074180e-16
8.912510e+06 1.844520e-16 7.742620e-17 7.742620e-17 7.223140e-16 1.961090e-16 1.961090e-16
1.122020e+07 1.474060e-16 7.902330e-17 7.902330e-17 6.628970e-16 1.490880e-16 1.490880e-16
1.412540e+07 6.699730e-17 3.455830e-17 3.455830e-17 4.252210e-17 2.384510e-17 2.384510e-17
1.778280e+07 1.688340e-17 1.163350e-17 1.163350e-17 4.636420e-17 3.108500e-17 3.108500e-17
2.238720e+07 1.301380e-17 1.088120e-17 1.088120e-17 4.096120e-17 2.352610e-17 2.352610e-17
2.818380e+07 3.372080e-18 4.422240e-18 4.422240e-18 3.932840e-19 2.692850e-18 2.692850e-18
3.548130e+07 1.283980e-18 2.807790e-18 2.807790e-18 0.000000e+00 3.817430e-19 3.817430e-19
4.466840e+07 3.672670e-18 2.430650e-18 2.430650e-18 0.000000e+00 1.207250e-18 1.207250e-18
5.623410e+07 3.911020e-19 1.273890e-18 1.273890e-18 0.000000e+00 3.636720e-19 3.636720e-19
7.079460e+07 0.000000e+00 7.786310e-19 7.786310e-19 0.000000e+00 1.245190e-19 1.245190e-19
8.912510e+07 0.000000e+00 1.302980e-18 1.302980e-18 0.000000e+00 4.534260e-19 4.534260e-19
