12.5231	0	0	0.0	10	15.8489
19.8478	4.56447	0.00484344	0.0	15.8489	25.1189
31.4566	1.44205	0.000504207	0.0	25.1189	39.8107
49.8553	0.445023	4.1941e-05	0.0	39.8107	63.0957
79.0154	0.132601	1.62012e-05	0.0	63.0957	100
125.231	0.0380957	5.95275e-06	0.0	100	158.489
198.478	0.0108297	2.21928e-06	0.0	158.489	251.189
314.566	0.00308172	9.72957e-07	0.0	251.189	398.107
498.553	0.000891858	8.6283e-07	0.0	398.107	630.957
790.154	0.000265682	2.33117e-07	0.0	630.957	1000
1252.31	8.05503e-05	1.0783e-07	0.0	1000	1584.89
1984.78	2.4524e-05	4.53986e-08	0.0	1584.89	2511.89
3145.66	7.61441e-06	1.50033e-08	0.0	2511.89	3981.07
4985.53	2.39951e-06	7.39308e-09	0.0	3981.07	6309.57
7901.54	7.52407e-07	3.023e-09	0.0	6309.57	10000
12523.1	2.36588e-07	1.30889e-09	0.0	10000	15848.9
19847.8	7.36134e-08	5.36057e-10	0.0	15848.9	25118.9
31456.6	2.16606e-08	2.42182e-10	0.0	25118.9	39810.7
49855.3	5.89606e-09	7.97299e-11	0.0	39810.7	63095.7
79015.4	1.5753e-09	3.46487e-11	0.0	63095.7	100000
125231	4.30577e-10	1.42982e-11	0.0	100000	158489
198478	1.24558e-10	5.5505e-12	0.0	158489	251189
314566	3.70303e-11	2.23665e-12	0.0	251189	398107
498553	1.14895e-11	1.05898e-12	0.0	398107	630957
790154	3.3059e-12	4.37262e-13	0.0	630957	1e+06
1.25231e+06	9.1747e-13	1.63101e-13	0.0	1e+06	1.58489e+06
1.98478e+06	3.48608e-13	8.42578e-14	0.0	1.58489e+06	2.51189e+06
3.14566e+06	1.00488e-13	3.36462e-14	0.0	2.51189e+06	3.98107e+06
4.98553e+06	2.52766e-14	1.49836e-14	0.0	3.98107e+06	6.30957e+06
7.90154e+06	0	0	0.0	6.30957e+06	1e+07
