12.5231	0	0	0.0	10	15.8489
19.8478	4.57025	0.0048468	0.0	15.8489	25.1189
31.4566	1.4441	0.000505446	0.0	25.1189	39.8107
49.8553	0.445815	4.20179e-05	0.0	39.8107	63.0957
79.0154	0.132859	1.62367e-05	0.0	63.0957	100
125.231	0.0381758	5.97082e-06	0.0	100	158.489
198.478	0.0108545	2.22258e-06	0.0	158.489	251.189
314.566	0.00308849	9.65412e-07	0.0	251.189	398.107
498.553	0.000893714	8.59294e-07	0.0	398.107	630.957
790.154	0.000266266	2.36398e-07	0.0	630.957	1000
1252.31	8.07524e-05	1.07229e-07	0.0	1000	1584.89
1984.78	2.46078e-05	4.60901e-08	0.0	1584.89	2511.89
3145.66	7.64451e-06	1.52155e-08	0.0	2511.89	3981.07
4985.53	2.40805e-06	7.40169e-09	0.0	3981.07	6309.57
7901.54	7.55029e-07	3.06068e-09	0.0	6309.57	10000
12523.1	2.37514e-07	1.31461e-09	0.0	10000	15848.9
19847.8	7.39866e-08	5.38692e-10	0.0	15848.9	25118.9
31456.6	2.17929e-08	2.4417e-10	0.0	25118.9	39810.7
49855.3	5.93869e-09	8.00109e-11	0.0	39810.7	63095.7
79015.4	1.5886e-09	3.48148e-11	0.0	63095.7	100000
125231	4.34915e-10	1.44314e-11	0.0	100000	158489
198478	1.26123e-10	5.61163e-12	0.0	158489	251189
314566	3.76305e-11	2.27136e-12	0.0	251189	398107
498553	1.17057e-11	1.07703e-12	0.0	398107	630957
790154	3.37721e-12	4.46787e-13	0.0	630957	1e+06
1.25231e+06	9.40841e-13	1.67707e-13	0.0	1e+06	1.58489e+06
1.98478e+06	3.5802e-13	8.64227e-14	0.0	1.58489e+06	2.51189e+06
3.14566e+06	1.03468e-13	3.45349e-14	0.0	2.51189e+06	3.98107e+06
4.98553e+06	2.59759e-14	1.53833e-14	0.0	3.98107e+06	6.30957e+06
7.90154e+06	0	0	0.0	6.30957e+06	1e+07
