12.5231	0	0	0.0	10	15.8489
19.8478	4.57269	0.00485258	0.0	15.8489	25.1189
31.4566	1.44849	0.0005073	0.0	25.1189	39.8107
49.8553	0.447126	4.21357e-05	0.0	39.8107	63.0957
79.0154	0.133248	1.63063e-05	0.0	63.0957	100
125.231	0.038279	6.0041e-06	0.0	100	158.489
198.478	0.0108831	2.23355e-06	0.0	158.489	251.189
314.566	0.0030967	9.73066e-07	0.0	251.189	398.107
498.553	0.000896028	8.76073e-07	0.0	398.107	630.957
790.154	0.000267015	2.41723e-07	0.0	630.957	1000
1252.31	8.09756e-05	1.07436e-07	0.0	1000	1584.89
1984.78	2.46784e-05	4.68722e-08	0.0	1584.89	2511.89
3145.66	7.66723e-06	1.53386e-08	0.0	2511.89	3981.07
4985.53	2.41381e-06	7.38559e-09	0.0	3981.07	6309.57
7901.54	7.56761e-07	3.07827e-09	0.0	6309.57	10000
12523.1	2.38174e-07	1.31806e-09	0.0	10000	15848.9
19847.8	7.42306e-08	5.40335e-10	0.0	15848.9	25118.9
31456.6	2.18673e-08	2.45167e-10	0.0	25118.9	39810.7
49855.3	5.9593e-09	8.0292e-11	0.0	39810.7	63095.7
79015.4	1.59378e-09	3.49422e-11	0.0	63095.7	100000
125231	4.3616e-10	1.44735e-11	0.0	100000	158489
198478	1.26505e-10	5.63282e-12	0.0	158489	251189
314566	3.77768e-11	2.28126e-12	0.0	251189	398107
498553	1.17619e-11	1.08204e-12	0.0	398107	630957
790154	3.39359e-12	4.49187e-13	0.0	630957	1e+06
1.25231e+06	9.47176e-13	1.68699e-13	0.0	1e+06	1.58489e+06
1.98478e+06	3.61692e-13	8.71341e-14	0.0	1.58489e+06	2.51189e+06
3.14566e+06	1.04406e-13	3.47766e-14	0.0	2.51189e+06	3.98107e+06
4.98553e+06	2.60387e-14	1.54791e-14	0.0	3.98107e+06	6.30957e+06
7.90154e+06	0	0	0.0	6.30957e+06	1e+07
