12.5231	0	0	0.0	10	15.8489
19.8478	4.56202	0.00489291	0.0	15.8489	25.1189
31.4566	1.44481	0.000508471	0.0	25.1189	39.8107
49.8553	0.445881	4.15354e-05	0.0	39.8107	63.0957
79.0154	0.132859	1.65502e-05	0.0	63.0957	100
125.231	0.038165	6.05222e-06	0.0	100	158.489
198.478	0.0108497	2.21018e-06	0.0	158.489	251.189
314.566	0.00308679	9.72362e-07	0.0	251.189	398.107
498.553	0.000892983	8.62593e-07	0.0	398.107	630.957
790.154	0.000266047	2.42192e-07	0.0	630.957	1000
1252.31	8.06862e-05	1.06205e-07	0.0	1000	1584.89
1984.78	2.45943e-05	4.58068e-08	0.0	1584.89	2511.89
3145.66	7.63996e-06	1.52821e-08	0.0	2511.89	3981.07
4985.53	2.4047e-06	7.20491e-09	0.0	3981.07	6309.57
7901.54	7.53137e-07	3.17003e-09	0.0	6309.57	10000
12523.1	2.37221e-07	1.30614e-09	0.0	10000	15848.9
19847.8	7.42378e-08	5.2645e-10	0.0	15848.9	25118.9
31456.6	2.2092e-08	2.42139e-10	0.0	25118.9	39810.7
49855.3	6.13468e-09	8.53022e-11	0.0	39810.7	63095.7
79015.4	1.65159e-09	3.4124e-11	0.0	63095.7	100000
125231	4.38898e-10	1.42335e-11	0.0	100000	158489
198478	1.23606e-10	5.89772e-12	0.0	158489	251189
314566	3.70329e-11	2.2267e-12	0.0	251189	398107
498553	1.16256e-11	1.06973e-12	0.0	398107	630957
790154	3.40055e-12	4.49809e-13	0.0	630957	1e+06
1.25231e+06	9.2919e-13	1.648e-13	0.0	1e+06	1.58489e+06
1.98478e+06	3.28556e-13	8.3138e-14	0.0	1.58489e+06	2.51189e+06
3.14566e+06	9.46371e-14	3.39134e-14	0.0	2.51189e+06	3.98107e+06
4.98553e+06	2.66338e-14	1.54973e-14	0.0	3.98107e+06	6.30957e+06
7.90154e+06	0	0	0.0	6.30957e+06	1e+07
