12.5231	0	0	0.0	10	15.8489
19.8478	4.57801	0.00485584	0.0	15.8489	25.1189
31.4566	1.44629	0.000505267	0.0	25.1189	39.8107
49.8553	0.446466	4.20602e-05	0.0	39.8107	63.0957
79.0154	0.133046	1.62505e-05	0.0	63.0957	100
125.231	0.0382247	5.9623e-06	0.0	100	158.489
198.478	0.0108657	2.21888e-06	0.0	158.489	251.189
314.566	0.0030916	9.75713e-07	0.0	251.189	398.107
498.553	0.000895004	8.5984e-07	0.0	398.107	630.957
790.154	0.000266765	2.31992e-07	0.0	630.957	1000
1252.31	8.09201e-05	1.08325e-07	0.0	1000	1584.89
1984.78	2.46506e-05	4.53256e-08	0.0	1584.89	2511.89
3145.66	7.65612e-06	1.50706e-08	0.0	2511.89	3981.07
4985.53	2.41348e-06	7.40489e-09	0.0	3981.07	6309.57
7901.54	7.56926e-07	3.06379e-09	0.0	6309.57	10000
12523.1	2.38166e-07	1.31906e-09	0.0	10000	15848.9
19847.8	7.4256e-08	5.40004e-10	0.0	15848.9	25118.9
31456.6	2.19045e-08	2.45667e-10	0.0	25118.9	39810.7
49855.3	5.97644e-09	8.02856e-11	0.0	39810.7	63095.7
79015.4	1.60057e-09	3.49473e-11	0.0	63095.7	100000
125231	4.38699e-10	1.45388e-11	0.0	100000	158489
198478	1.27416e-10	5.67597e-12	0.0	158489	251189
314566	3.81121e-11	2.30964e-12	0.0	251189	398107
498553	1.18986e-11	1.09379e-12	0.0	398107	630957
790154	3.44697e-12	4.57118e-13	0.0	630957	1e+06
1.25231e+06	9.74345e-13	1.74018e-13	0.0	1e+06	1.58489e+06
1.98478e+06	3.75743e-13	8.9601e-14	0.0	1.58489e+06	2.51189e+06
3.14566e+06	1.10094e-13	3.63009e-14	0.0	2.51189e+06	3.98107e+06
4.98553e+06	2.69936e-14	1.61489e-14	0.0	3.98107e+06	6.30957e+06
7.90154e+06	0	0	0.0	6.30957e+06	1e+07
