12.5231	0	0	0.0	10	15.8489
19.8478	4.59223	0.00485763	0.0	15.8489	25.1189
31.4566	1.44578	0.00050675	0.0	25.1189	39.8107
49.8553	0.445994	4.17289e-05	0.0	39.8107	63.0957
79.0154	0.132864	1.62236e-05	0.0	63.0957	100
125.231	0.0381822	6.00698e-06	0.0	100	158.489
198.478	0.0108568	2.22838e-06	0.0	158.489	251.189
314.566	0.00308964	9.72088e-07	0.0	251.189	398.107
498.553	0.000894134	8.68183e-07	0.0	398.107	630.957
790.154	0.000266308	2.35097e-07	0.0	630.957	1000
1252.31	8.07302e-05	1.06992e-07	0.0	1000	1584.89
1984.78	2.45875e-05	4.58473e-08	0.0	1584.89	2511.89
3145.66	7.63672e-06	1.52752e-08	0.0	2511.89	3981.07
4985.53	2.40616e-06	7.20152e-09	0.0	3981.07	6309.57
7901.54	7.53754e-07	3.10381e-09	0.0	6309.57	10000
12523.1	2.37286e-07	1.29518e-09	0.0	10000	15848.9
19847.8	7.41751e-08	5.21166e-10	0.0	15848.9	25118.9
31456.6	2.20733e-08	2.36413e-10	0.0	25118.9	39810.7
49855.3	6.13158e-09	8.34851e-11	0.0	39810.7	63095.7
79015.4	1.65014e-09	3.45425e-11	0.0	63095.7	100000
125231	4.38753e-10	1.43843e-11	0.0	100000	158489
198478	1.23622e-10	5.78889e-12	0.0	158489	251189
314566	3.70654e-11	2.21434e-12	0.0	251189	398107
498553	1.17592e-11	1.06837e-12	0.0	398107	630957
790154	3.40777e-12	4.48378e-13	0.0	630957	1e+06
1.25231e+06	9.40393e-13	1.66854e-13	0.0	1e+06	1.58489e+06
1.98478e+06	3.54686e-13	8.67549e-14	0.0	1.58489e+06	2.51189e+06
3.14566e+06	1.02173e-13	3.48683e-14	0.0	2.51189e+06	3.98107e+06
4.98553e+06	2.59436e-14	1.53554e-14	0.0	3.98107e+06	6.30957e+06
7.90154e+06	0	0	0.0	6.30957e+06	1e+07
