12.5231	0	0	0.0	10	15.8489
19.8478	4.56449	0.00483614	0.0	15.8489	25.1189
31.4566	1.44205	0.000504391	0.0	25.1189	39.8107
49.8553	0.445023	4.19404e-05	0.0	39.8107	63.0957
79.0154	0.132601	1.62084e-05	0.0	63.0957	100
125.231	0.0380957	5.95299e-06	0.0	100	158.489
198.478	0.0108297	2.21155e-06	0.0	158.489	251.189
314.566	0.00308171	9.72133e-07	0.0	251.189	398.107
498.553	0.000891855	8.63014e-07	0.0	398.107	630.957
790.154	0.000265685	2.3376e-07	0.0	630.957	1000
1252.31	8.05538e-05	1.07681e-07	0.0	1000	1584.89
1984.78	2.45259e-05	4.54468e-08	0.0	1584.89	2511.89
3145.66	7.61412e-06	1.51196e-08	0.0	2511.89	3981.07
4985.53	2.39902e-06	7.2058e-09	0.0	3981.07	6309.57
7901.54	7.51869e-07	3.07195e-09	0.0	6309.57	10000
12523.1	2.36736e-07	1.30036e-09	0.0	10000	15848.9
19847.8	7.39158e-08	5.21929e-10	0.0	15848.9	25118.9
31456.6	2.19589e-08	2.37593e-10	0.0	25118.9	39810.7
49855.3	6.09462e-09	8.42998e-11	0.0	39810.7	63095.7
79015.4	1.63904e-09	3.43995e-11	0.0	63095.7	100000
125231	4.35365e-10	1.42009e-11	0.0	100000	158489
198478	1.22629e-10	5.76942e-12	0.0	158489	251189
314566	3.65773e-11	2.1979e-12	0.0	251189	398107
498553	1.14969e-11	1.05282e-12	0.0	398107	630957
790154	3.32118e-12	4.39183e-13	0.0	630957	1e+06
1.25231e+06	9.19403e-13	1.62613e-13	0.0	1e+06	1.58489e+06
1.98478e+06	3.48357e-13	8.41597e-14	0.0	1.58489e+06	2.51189e+06
3.14566e+06	1.0028e-13	3.36359e-14	0.0	2.51189e+06	3.98107e+06
4.98553e+06	2.5269e-14	1.49799e-14	0.0	3.98107e+06	6.30957e+06
7.90154e+06	0	0	0.0	6.30957e+06	1e+07
