12.5231	0	0	0.0	10	15.8489
19.8478	4.5796	0.00485195	0.0	15.8489	25.1189
31.4566	1.4434	0.000504772	0.0	25.1189	39.8107
49.8553	0.445481	4.19813e-05	0.0	39.8107	63.0957
79.0154	0.132742	1.62155e-05	0.0	63.0957	100
125.231	0.0381432	5.95446e-06	0.0	100	158.489
198.478	0.0108437	2.21338e-06	0.0	158.489	251.189
314.566	0.00308557	9.64642e-07	0.0	251.189	398.107
498.553	0.000893022	8.51075e-07	0.0	398.107	630.957
790.154	0.000266053	2.33058e-07	0.0	630.957	1000
1252.31	8.06785e-05	1.07281e-07	0.0	1000	1584.89
1984.78	2.45807e-05	4.55756e-08	0.0	1584.89	2511.89
3145.66	7.63386e-06	1.51405e-08	0.0	2511.89	3981.07
4985.53	2.40491e-06	7.40209e-09	0.0	3981.07	6309.57
7901.54	7.54322e-07	3.05044e-09	0.0	6309.57	10000
12523.1	2.37323e-07	1.31453e-09	0.0	10000	15848.9
19847.8	7.39089e-08	5.37957e-10	0.0	15848.9	25118.9
31456.6	2.17681e-08	2.4374e-10	0.0	25118.9	39810.7
49855.3	5.93089e-09	7.99621e-11	0.0	39810.7	63095.7
79015.4	1.5864e-09	3.4786e-11	0.0	63095.7	100000
125231	4.34249e-10	1.44061e-11	0.0	100000	158489
198478	1.25923e-10	5.60005e-12	0.0	158489	251189
314566	3.75667e-11	2.26697e-12	0.0	251189	398107
498553	1.16837e-11	1.07414e-12	0.0	398107	630957
790154	3.37038e-12	4.45663e-13	0.0	630957	1e+06
1.25231e+06	9.38619e-13	1.67276e-13	0.0	1e+06	1.58489e+06
1.98478e+06	3.57102e-13	8.61601e-14	0.0	1.58489e+06	2.51189e+06
3.14566e+06	1.03295e-13	3.44675e-14	0.0	2.51189e+06	3.98107e+06
4.98553e+06	2.59312e-14	1.53589e-14	0.0	3.98107e+06	6.30957e+06
7.90154e+06	0	0	0.0	6.30957e+06	1e+07
