12.5231	0	0	0.0	10	15.8489
19.8478	4.5924	0.00486082	0.0	15.8489	25.1189
31.4566	1.43805	0.000502275	0.0	25.1189	39.8107
49.8553	0.443149	4.17804e-05	0.0	39.8107	63.0957
79.0154	0.131947	1.60964e-05	0.0	63.0957	100
125.231	0.0379284	5.90747e-06	0.0	100	158.489
198.478	0.0107857	2.19509e-06	0.0	158.489	251.189
314.566	0.00306948	9.6478e-07	0.0	251.189	398.107
498.553	0.000888505	8.48457e-07	0.0	398.107	630.957
790.154	0.000264724	2.3054e-07	0.0	630.957	1000
1252.31	8.02787e-05	1.07037e-07	0.0	1000	1584.89
1984.78	2.44501e-05	4.5104e-08	0.0	1584.89	2511.89
3145.66	7.59138e-06	1.49869e-08	0.0	2511.89	3981.07
4985.53	2.39157e-06	7.35043e-09	0.0	3981.07	6309.57
7901.54	7.49907e-07	3.0212e-09	0.0	6309.57	10000
12523.1	2.3592e-07	1.30636e-09	0.0	10000	15848.9
19847.8	7.34673e-08	5.33986e-10	0.0	15848.9	25118.9
31456.6	2.16381e-08	2.42052e-10	0.0	25118.9	39810.7
49855.3	5.89712e-09	7.95675e-11	0.0	39810.7	63095.7
79015.4	1.57745e-09	3.4594e-11	0.0	63095.7	100000
125231	4.31468e-10	1.43119e-11	0.0	100000	158489
198478	1.24957e-10	5.56551e-12	0.0	158489	251189
314566	3.72579e-11	2.25012e-12	0.0	251189	398107
498553	1.15895e-11	1.06635e-12	0.0	398107	630957
790154	3.34275e-12	4.41887e-13	0.0	630957	1e+06
1.25231e+06	9.29169e-13	1.65442e-13	0.0	1e+06	1.58489e+06
1.98478e+06	3.53576e-13	8.53885e-14	0.0	1.58489e+06	2.51189e+06
3.14566e+06	1.02304e-13	3.41665e-14	0.0	2.51189e+06	3.98107e+06
4.98553e+06	2.57505e-14	1.52336e-14	0.0	3.98107e+06	6.30957e+06
7.90154e+06	0	0	0.0	6.30957e+06	1e+07
