12.5231	0	0	0.0	10	15.8489
19.8478	4.56141	0.00484409	0.0	15.8489	25.1189
31.4566	1.44346	0.00050644	0.0	25.1189	39.8107
49.8553	0.445477	4.1904e-05	0.0	39.8107	63.0957
79.0154	0.13274	1.62654e-05	0.0	63.0957	100
125.231	0.0381301	5.98325e-06	0.0	100	158.489
198.478	0.0108386	2.21387e-06	0.0	158.489	251.189
314.566	0.00308463	9.71984e-07	0.0	251.189	398.107
498.553	0.000892981	8.5997e-07	0.0	398.107	630.957
790.154	0.000266104	2.33546e-07	0.0	630.957	1000
1252.31	8.07157e-05	1.07784e-07	0.0	1000	1584.89
1984.78	2.45925e-05	4.54831e-08	0.0	1584.89	2511.89
3145.66	7.6373e-06	1.53343e-08	0.0	2511.89	3981.07
4985.53	2.40665e-06	7.19698e-09	0.0	3981.07	6309.57
7901.54	7.53884e-07	3.10919e-09	0.0	6309.57	10000
12523.1	2.37408e-07	1.29568e-09	0.0	10000	15848.9
19847.8	7.43041e-08	5.26467e-10	0.0	15848.9	25118.9
31456.6	2.21312e-08	2.39389e-10	0.0	25118.9	39810.7
49855.3	6.14754e-09	8.51402e-11	0.0	39810.7	63095.7
79015.4	1.65211e-09	3.43708e-11	0.0	63095.7	100000
125231	4.37762e-10	1.443e-11	0.0	100000	158489
198478	1.2345e-10	5.87327e-12	0.0	158489	251189
314566	3.69701e-11	2.2273e-12	0.0	251189	398107
498553	1.17134e-11	1.07368e-12	0.0	398107	630957
790154	3.41277e-12	4.51057e-13	0.0	630957	1e+06
1.25231e+06	9.51035e-13	1.68525e-13	0.0	1e+06	1.58489e+06
1.98478e+06	3.60467e-13	8.77334e-14	0.0	1.58489e+06	2.51189e+06
3.14566e+06	1.03893e-13	3.5151e-14	0.0	2.51189e+06	3.98107e+06
4.98553e+06	2.60675e-14	1.55043e-14	0.0	3.98107e+06	6.30957e+06
7.90154e+06	0	0	0.0	6.30957e+06	1e+07
