12.5231	0	0	0.0	10	15.8489
19.8478	4.6202	0.00483666	0.0	15.8489	25.1189
31.4566	1.44688	0.000503202	0.0	25.1189	39.8107
49.8553	0.446027	4.14387e-05	0.0	39.8107	63.0957
79.0154	0.132826	1.60814e-05	0.0	63.0957	100
125.231	0.0381815	5.95231e-06	0.0	100	158.489
198.478	0.0108572	2.18504e-06	0.0	158.489	251.189
314.566	0.00308963	9.52867e-07	0.0	251.189	398.107
498.553	0.000894224	8.55118e-07	0.0	398.107	630.957
790.154	0.000266398	2.39184e-07	0.0	630.957	1000
1252.31	8.07816e-05	1.0535e-07	0.0	1000	1584.89
1984.78	2.46014e-05	4.49485e-08	0.0	1584.89	2511.89
3145.66	7.63659e-06	1.5139e-08	0.0	2511.89	3981.07
4985.53	2.40457e-06	7.16962e-09	0.0	3981.07	6309.57
7901.54	7.53157e-07	3.11139e-09	0.0	6309.57	10000
12523.1	2.3717e-07	1.29049e-09	0.0	10000	15848.9
19847.8	7.41674e-08	5.31744e-10	0.0	15848.9	25118.9
31456.6	2.20759e-08	2.4331e-10	0.0	25118.9	39810.7
49855.3	6.12904e-09	8.40681e-11	0.0	39810.7	63095.7
79015.4	1.65142e-09	3.4385e-11	0.0	63095.7	100000
125231	4.41123e-10	1.43303e-11	0.0	100000	158489
198478	1.24619e-10	5.87202e-12	0.0	158489	251189
314566	3.7011e-11	2.23042e-12	0.0	251189	398107
498553	1.16126e-11	1.08867e-12	0.0	398107	630957
790154	3.33621e-12	4.45958e-13	0.0	630957	1e+06
1.25231e+06	9.4984e-13	1.64765e-13	0.0	1e+06	1.58489e+06
1.98478e+06	3.87383e-13	8.8534e-14	0.0	1.58489e+06	2.51189e+06
3.14566e+06	1.12369e-13	3.58145e-14	0.0	2.51189e+06	3.98107e+06
4.98553e+06	2.5021e-14	1.56766e-14	0.0	3.98107e+06	6.30957e+06
7.90154e+06	0	0	0.0	6.30957e+06	1e+07
