12.5231	0	0	0.0	10	15.8489
19.8478	4.59978	0.00483474	0.0	15.8489	25.1189
31.4566	1.45463	0.000507353	0.0	25.1189	39.8107
49.8553	0.448594	4.22664e-05	0.0	39.8107	63.0957
79.0154	0.133615	1.63028e-05	0.0	63.0957	100
125.231	0.038374	5.96236e-06	0.0	100	158.489
198.478	0.0109046	2.20362e-06	0.0	158.489	251.189
314.566	0.00310214	9.64676e-07	0.0	251.189	398.107
498.553	0.000897503	8.39027e-07	0.0	398.107	630.957
790.154	0.00026726	2.30882e-07	0.0	630.957	1000
1252.31	8.10412e-05	1.07698e-07	0.0	1000	1584.89
1984.78	2.4684e-05	4.53678e-08	0.0	1584.89	2511.89
3145.66	7.66429e-06	1.51801e-08	0.0	2511.89	3981.07
4985.53	2.41549e-06	7.45091e-09	0.0	3981.07	6309.57
7901.54	7.57249e-07	3.06408e-09	0.0	6309.57	10000
12523.1	2.38159e-07	1.31758e-09	0.0	10000	15848.9
19847.8	7.42199e-08	5.40913e-10	0.0	15848.9	25118.9
31456.6	2.18792e-08	2.454e-10	0.0	25118.9	39810.7
49855.3	5.96365e-09	8.026e-11	0.0	39810.7	63095.7
79015.4	1.59525e-09	3.49388e-11	0.0	63095.7	100000
125231	4.36573e-10	1.44928e-11	0.0	100000	158489
198478	1.26566e-10	5.63736e-12	0.0	158489	251189
314566	3.77679e-11	2.2815e-12	0.0	251189	398107
498553	1.17597e-11	1.08174e-12	0.0	398107	630957
790154	3.39641e-12	4.49222e-13	0.0	630957	1e+06
1.25231e+06	9.46895e-13	1.68714e-13	0.0	1e+06	1.58489e+06
1.98478e+06	3.60257e-13	8.68428e-14	0.0	1.58489e+06	2.51189e+06
3.14566e+06	1.04146e-13	3.47291e-14	0.0	2.51189e+06	3.98107e+06
4.98553e+06	2.61091e-14	1.5459e-14	0.0	3.98107e+06	6.30957e+06
7.90154e+06	0	0	0.0	6.30957e+06	1e+07
