12.5231	0	0	0.0	10	15.8489
19.8478	4.57233	0.00485238	0.0	15.8489	25.1189
31.4566	1.43908	0.000503514	0.0	25.1189	39.8107
49.8553	0.443897	4.18617e-05	0.0	39.8107	63.0957
79.0154	0.132236	1.61455e-05	0.0	63.0957	100
125.231	0.0380018	5.9215e-06	0.0	100	158.489
198.478	0.0108057	2.19899e-06	0.0	158.489	251.189
314.566	0.003077	9.67662e-07	0.0	251.189	398.107
498.553	0.00089176	8.50252e-07	0.0	398.107	630.957
790.154	0.000265569	2.30833e-07	0.0	630.957	1000
1252.31	8.03621e-05	1.06513e-07	0.0	1000	1584.89
1984.78	2.44699e-05	4.47976e-08	0.0	1584.89	2511.89
3145.66	7.60842e-06	1.49373e-08	0.0	2511.89	3981.07
4985.53	2.39909e-06	7.35194e-09	0.0	3981.07	6309.57
7901.54	7.52389e-07	3.02695e-09	0.0	6309.57	10000
12523.1	2.3665e-07	1.31027e-09	0.0	10000	15848.9
19847.8	7.36774e-08	5.3595e-10	0.0	15848.9	25118.9
31456.6	2.16967e-08	2.42814e-10	0.0	25118.9	39810.7
49855.3	5.91342e-09	7.98057e-11	0.0	39810.7	63095.7
79015.4	1.58191e-09	3.47198e-11	0.0	63095.7	100000
125231	4.32792e-10	1.4361e-11	0.0	100000	158489
198478	1.25395e-10	5.58439e-12	0.0	158489	251189
314566	3.74023e-11	2.25897e-12	0.0	251189	398107
498553	1.16378e-11	1.07046e-12	0.0	398107	630957
790154	3.35759e-12	4.44224e-13	0.0	630957	1e+06
1.25231e+06	9.341e-13	1.6648e-13	0.0	1e+06	1.58489e+06
1.98478e+06	3.55432e-13	8.59291e-14	0.0	1.58489e+06	2.51189e+06
3.14566e+06	1.02762e-13	3.43407e-14	0.0	2.51189e+06	3.98107e+06
4.98553e+06	2.59273e-14	1.53087e-14	0.0	3.98107e+06	6.30957e+06
7.90154e+06	0	0	0.0	6.30957e+06	1e+07
