12.5231	0	0	0.0	10	15.8489
19.8478	4.60572	0.00476215	0.0	15.8489	25.1189
31.4566	1.45947	0.000510541	0.0	25.1189	39.8107
49.8553	0.450052	4.24165e-05	0.0	39.8107	63.0957
79.0154	0.134048	1.64079e-05	0.0	63.0957	100
125.231	0.0384918	6.0364e-06	0.0	100	158.489
198.478	0.0109377	2.24823e-06	0.0	158.489	251.189
314.566	0.00311152	9.77869e-07	0.0	251.189	398.107
498.553	0.000900129	8.77143e-07	0.0	398.107	630.957
790.154	0.000268135	2.39268e-07	0.0	630.957	1000
1252.31	8.13099e-05	1.08972e-07	0.0	1000	1584.89
1984.78	2.47714e-05	4.67472e-08	0.0	1584.89	2511.89
3145.66	7.69394e-06	1.53402e-08	0.0	2511.89	3981.07
4985.53	2.42324e-06	7.43261e-09	0.0	3981.07	6309.57
7901.54	7.5938e-07	3.08824e-09	0.0	6309.57	10000
12523.1	2.38915e-07	1.32085e-09	0.0	10000	15848.9
19847.8	7.45051e-08	5.42905e-10	0.0	15848.9	25118.9
31456.6	2.19656e-08	2.46494e-10	0.0	25118.9	39810.7
49855.3	5.98794e-09	8.05729e-11	0.0	39810.7	63095.7
79015.4	1.60155e-09	3.50889e-11	0.0	63095.7	100000
125231	4.38174e-10	1.45468e-11	0.0	100000	158489
198478	1.27061e-10	5.66374e-12	0.0	158489	251189
314566	3.79516e-11	2.29297e-12	0.0	251189	398107
498553	1.18275e-11	1.08822e-12	0.0	398107	630957
790154	3.41596e-12	4.52338e-13	0.0	630957	1e+06
1.25231e+06	9.5445e-13	1.7002e-13	0.0	1e+06	1.58489e+06
1.98478e+06	3.64594e-13	8.77205e-14	0.0	1.58489e+06	2.51189e+06
3.14566e+06	1.05215e-13	3.5011e-14	0.0	2.51189e+06	3.98107e+06
4.98553e+06	2.61531e-14	1.55633e-14	0.0	3.98107e+06	6.30957e+06
7.90154e+06	0	0	0.0	6.30957e+06	1e+07
