12.5231	0	0	0.0	10	15.8489
19.8478	4.57962	0.00484752	0.0	15.8489	25.1189
31.4566	1.4434	0.000504824	0.0	25.1189	39.8107
49.8553	0.445481	4.19847e-05	0.0	39.8107	63.0957
79.0154	0.132742	1.62075e-05	0.0	63.0957	100
125.231	0.0381432	5.95125e-06	0.0	100	158.489
198.478	0.0108437	2.20917e-06	0.0	158.489	251.189
314.566	0.00308555	9.60588e-07	0.0	251.189	398.107
498.553	0.000893018	8.46181e-07	0.0	398.107	630.957
790.154	0.000266056	2.33356e-07	0.0	630.957	1000
1252.31	8.06821e-05	1.0668e-07	0.0	1000	1584.89
1984.78	2.45829e-05	4.54756e-08	0.0	1584.89	2511.89
3145.66	7.63369e-06	1.52679e-08	0.0	2511.89	3981.07
4985.53	2.40444e-06	7.19554e-09	0.0	3981.07	6309.57
7901.54	7.53654e-07	3.09366e-09	0.0	6309.57	10000
12523.1	2.3743e-07	1.3025e-09	0.0	10000	15848.9
19847.8	7.42367e-08	5.22504e-10	0.0	15848.9	25118.9
31456.6	2.20806e-08	2.37698e-10	0.0	25118.9	39810.7
49855.3	6.13066e-09	8.47711e-11	0.0	39810.7	63095.7
79015.4	1.64935e-09	3.45204e-11	0.0	63095.7	100000
125231	4.38977e-10	1.43189e-11	0.0	100000	158489
198478	1.24037e-10	5.83389e-12	0.0	158489	251189
314566	3.71194e-11	2.23325e-12	0.0	251189	398107
498553	1.16882e-11	1.06845e-12	0.0	398107	630957
790154	3.3857e-12	4.47442e-13	0.0	630957	1e+06
1.25231e+06	9.41144e-13	1.66886e-13	0.0	1e+06	1.58489e+06
1.98478e+06	3.56963e-13	8.60216e-14	0.0	1.58489e+06	2.51189e+06
3.14566e+06	1.03073e-13	3.44732e-14	0.0	2.51189e+06	3.98107e+06
4.98553e+06	2.59206e-14	1.53588e-14	0.0	3.98107e+06	6.30957e+06
7.90154e+06	0	0	0.0	6.30957e+06	1e+07
