12.5231	0	0	0.0	10	15.8489
19.8478	4.59031	0.0048359	0.0	15.8489	25.1189
31.4566	1.44285	0.00050163	0.0	25.1189	39.8107
49.8553	0.444937	4.19139e-05	0.0	39.8107	63.0957
79.0154	0.132522	1.60888e-05	0.0	63.0957	100
125.231	0.0380846	5.84117e-06	0.0	100	158.489
198.478	0.0108279	2.13761e-06	0.0	158.489	251.189
314.566	0.0030806	9.36589e-07	0.0	251.189	398.107
498.553	0.000891426	7.87085e-07	0.0	398.107	630.957
790.154	0.000265545	2.25457e-07	0.0	630.957	1000
1252.31	8.05417e-05	1.03798e-07	0.0	1000	1584.89
1984.78	2.45419e-05	4.42704e-08	0.0	1584.89	2511.89
3145.66	7.61896e-06	1.51802e-08	0.0	2511.89	3981.07
4985.53	2.39892e-06	7.38085e-09	0.0	3981.07	6309.57
7901.54	7.52212e-07	3.04601e-09	0.0	6309.57	10000
12523.1	2.36683e-07	1.31082e-09	0.0	10000	15848.9
19847.8	7.37331e-08	5.36459e-10	0.0	15848.9	25118.9
31456.6	2.17224e-08	2.43239e-10	0.0	25118.9	39810.7
49855.3	5.91883e-09	7.98054e-11	0.0	39810.7	63095.7
79015.4	1.58306e-09	3.46884e-11	0.0	63095.7	100000
125231	4.3324e-10	1.43713e-11	0.0	100000	158489
198478	1.25573e-10	5.58481e-12	0.0	158489	251189
314566	3.74485e-11	2.26102e-12	0.0	251189	398107
498553	1.16456e-11	1.07107e-12	0.0	398107	630957
790154	3.35893e-12	4.43823e-13	0.0	630957	1e+06
1.25231e+06	9.34773e-13	1.66464e-13	0.0	1e+06	1.58489e+06
1.98478e+06	3.55652e-13	8.5746e-14	0.0	1.58489e+06	2.51189e+06
3.14566e+06	1.02929e-13	3.43316e-14	0.0	2.51189e+06	3.98107e+06
4.98553e+06	2.58128e-14	1.53018e-14	0.0	3.98107e+06	6.30957e+06
7.90154e+06	0	0	0.0	6.30957e+06	1e+07
