12.5231	0	0	0.0	10	15.8489
19.8478	4.57803	0.00484826	0.0	15.8489	25.1189
31.4566	1.44629	0.000505156	0.0	25.1189	39.8107
49.8553	0.446466	4.20508e-05	0.0	39.8107	63.0957
79.0154	0.133046	1.62529e-05	0.0	63.0957	100
125.231	0.0382248	5.96322e-06	0.0	100	158.489
198.478	0.0108657	2.21412e-06	0.0	158.489	251.189
314.566	0.00309159	9.735e-07	0.0	251.189	398.107
498.553	0.000895	8.58937e-07	0.0	398.107	630.957
790.154	0.000266767	2.32819e-07	0.0	630.957	1000
1252.31	8.09236e-05	1.08065e-07	0.0	1000	1584.89
1984.78	2.46529e-05	4.54194e-08	0.0	1584.89	2511.89
3145.66	7.65616e-06	1.52314e-08	0.0	2511.89	3981.07
4985.53	2.41313e-06	7.18256e-09	0.0	3981.07	6309.57
7901.54	7.56113e-07	3.10833e-09	0.0	6309.57	10000
12523.1	2.38213e-07	1.29921e-09	0.0	10000	15848.9
19847.8	7.46105e-08	5.24293e-10	0.0	15848.9	25118.9
31456.6	2.22311e-08	2.37445e-10	0.0	25118.9	39810.7
49855.3	6.17706e-09	8.55162e-11	0.0	39810.7	63095.7
79015.4	1.66226e-09	3.47577e-11	0.0	63095.7	100000
125231	4.42816e-10	1.44675e-11	0.0	100000	158489
198478	1.25438e-10	5.90347e-12	0.0	158489	251189
314566	3.76827e-11	2.27617e-12	0.0	251189	398107
498553	1.19115e-11	1.09059e-12	0.0	398107	630957
790154	3.46369e-12	4.59198e-13	0.0	630957	1e+06
1.25231e+06	9.76919e-13	1.73503e-13	0.0	1e+06	1.58489e+06
1.98478e+06	3.75538e-13	8.9435e-14	0.0	1.58489e+06	2.51189e+06
3.14566e+06	1.09853e-13	3.63095e-14	0.0	2.51189e+06	3.98107e+06
4.98553e+06	2.69863e-14	1.61437e-14	0.0	3.98107e+06	6.30957e+06
7.90154e+06	0	0	0.0	6.30957e+06	1e+07
