12.5231	0	0	0.0	10	15.8489
19.8478	4.55614	0.004837	0.0	15.8489	25.1189
31.4566	1.44456	0.000513112	0.0	25.1189	39.8107
49.8553	0.445671	4.18991e-05	0.0	39.8107	63.0957
79.0154	0.132779	1.65871e-05	0.0	63.0957	100
125.231	0.0381325	6.06087e-06	0.0	100	158.489
198.478	0.0108379	2.22162e-06	0.0	158.489	251.189
314.566	0.00308402	9.73965e-07	0.0	251.189	398.107
498.553	0.000892537	8.80916e-07	0.0	398.107	630.957
790.154	0.000265999	2.44416e-07	0.0	630.957	1000
1252.31	8.06892e-05	1.06993e-07	0.0	1000	1584.89
1984.78	2.45933e-05	4.5818e-08	0.0	1584.89	2511.89
3145.66	7.63968e-06	1.52083e-08	0.0	2511.89	3981.07
4985.53	2.40568e-06	7.19758e-09	0.0	3981.07	6309.57
7901.54	7.5303e-07	3.17751e-09	0.0	6309.57	10000
12523.1	2.37094e-07	1.30769e-09	0.0	10000	15848.9
19847.8	7.42664e-08	5.2732e-10	0.0	15848.9	25118.9
31456.6	2.21294e-08	2.42651e-10	0.0	25118.9	39810.7
49855.3	6.14751e-09	8.65424e-11	0.0	39810.7	63095.7
79015.4	1.65305e-09	3.45645e-11	0.0	63095.7	100000
125231	4.37148e-10	1.4447e-11	0.0	100000	158489
198478	1.22861e-10	5.96101e-12	0.0	158489	251189
314566	3.68581e-11	2.26902e-12	0.0	251189	398107
498553	1.16512e-11	1.07248e-12	0.0	398107	630957
790154	3.43071e-12	4.48692e-13	0.0	630957	1e+06
1.25231e+06	9.38266e-13	1.6633e-13	0.0	1e+06	1.58489e+06
1.98478e+06	3.30667e-13	8.36196e-14	0.0	1.58489e+06	2.51189e+06
3.14566e+06	9.5046e-14	3.39022e-14	0.0	2.51189e+06	3.98107e+06
4.98553e+06	2.67573e-14	1.54896e-14	0.0	3.98107e+06	6.30957e+06
7.90154e+06	0	0	0.0	6.30957e+06	1e+07
