12.5231	0	0	0.0	10	15.8489
19.8478	4.57028	0.00484251	0.0	15.8489	25.1189
31.4566	1.4441	0.00050546	0.0	25.1189	39.8107
49.8553	0.445815	4.2017e-05	0.0	39.8107	63.0957
79.0154	0.132859	1.6235e-05	0.0	63.0957	100
125.231	0.0381758	5.9697e-06	0.0	100	158.489
198.478	0.0108545	2.21968e-06	0.0	158.489	251.189
314.566	0.00308848	9.6094e-07	0.0	251.189	398.107
498.553	0.00089371	8.53317e-07	0.0	398.107	630.957
790.154	0.000266268	2.36363e-07	0.0	630.957	1000
1252.31	8.0756e-05	1.06576e-07	0.0	1000	1584.89
1984.78	2.461e-05	4.59154e-08	0.0	1584.89	2511.89
3145.66	7.64437e-06	1.53779e-08	0.0	2511.89	3981.07
4985.53	2.4076e-06	7.18003e-09	0.0	3981.07	6309.57
7901.54	7.54338e-07	3.11197e-09	0.0	6309.57	10000
12523.1	2.37614e-07	1.30154e-09	0.0	10000	15848.9
19847.8	7.43193e-08	5.22987e-10	0.0	15848.9	25118.9
31456.6	2.21085e-08	2.37946e-10	0.0	25118.9	39810.7
49855.3	6.13921e-09	8.48718e-11	0.0	39810.7	63095.7
79015.4	1.65164e-09	3.45676e-11	0.0	63095.7	100000
125231	4.39627e-10	1.4349e-11	0.0	100000	158489
198478	1.24228e-10	5.84185e-12	0.0	158489	251189
314566	3.71825e-11	2.23681e-12	0.0	251189	398107
498553	1.17105e-11	1.07025e-12	0.0	398107	630957
790154	3.39253e-12	4.48392e-13	0.0	630957	1e+06
1.25231e+06	9.43398e-13	1.67235e-13	0.0	1e+06	1.58489e+06
1.98478e+06	3.57924e-13	8.62686e-14	0.0	1.58489e+06	2.51189e+06
3.14566e+06	1.03263e-13	3.4546e-14	0.0	2.51189e+06	3.98107e+06
4.98553e+06	2.59661e-14	1.53818e-14	0.0	3.98107e+06	6.30957e+06
7.90154e+06	0	0	0.0	6.30957e+06	1e+07
