# E_GeV delta_tight_percent delta_loose_percent envelope_percent
49.8553 -0.0433038358673 -0.00740428281668 0.0433038358673
79.0154 -0.0301161731379 0.0278574601525 0.0301161731379
125.231 -0.00628887968849 0.00157221992211 0.00628887968849
198.478 0.00552980101933 -0.00368653401288 0.00552980101933
314.566 0.0194338907621 0 0.0194338907621
498.553 0.0492487880881 -0.010297473873 0.0492487880881
790.154 0.0390755623687 -0.0338153905114 0.0390755623687
1252.31 0.032832503435 -0.0639304595188 0.0639304595188
1984.78 -0.00284626894801 -0.0569253789604 0.0569253789604
3145.66 -0.0312926755499 0.00144024866549 0.0312926755499
4985.53 0.0399058886127 0.0665098143545 0.0665098143545
7901.54 0.111144268709 0.081832952021 0.111144268709
12523.1 0.131770609681 0.0496770988574 0.131770609681
19847.8 0.055601104483 0.00551972223682 0.055601104483
31456.6 0.0158403294789 -0.0199135570591 0.0199135570591
49855.3 0.010105455316 0.0337391814581 0.0337391814581
79015.4 -0.064828054189 -0.0696750115115 0.0696750115115
125231 0.0869604807867 -0.495811327627 0.495811327627
198478 0.41411537222 -0.754914598775 0.754914598775
314566 0.307158047756 0.143753196759 0.307158047756
498553 0.630801579568 1.20689949912 1.20689949912
790154 -0.328966778781 2.05877146398 2.05877146398
