# E_GeV max_deviation_percent
49.8553 0.0464450467592
79.0154 0.0579736332904
125.231 0.0508351108153
198.478 0.0608278112126
314.566 0.0592731748397
498.553 0.0453310678992
790.154 0.0443362339751
1252.31 0.0536494645585
1984.78 0.0666899810503
3145.66 0.0889008761777
4985.53 0.0797961872384
7901.54 0.049028766635
12523.1 0.0459078809933
19847.8 0.0550374849898
31456.6 0.0638141584795
49855.3 0.0707655654758
79015.4 0.0718128330793
125231 0.0814615209372
198478 0.0857040828473
314566 0.0944274504588
498553 0.0957715165249
790154 0.10521854336
