# E_GeV delta_tight_percent delta_loose_percent envelope_percent
49.8553 -0.174561576708 0.149207517366 0.174561576708
79.0154 -0.170909282557 0.164133143601 0.170909282557
125.231 -0.16272476194 0.175302521317 0.175302521317
198.478 -0.141931559496 0.189856501664 0.189856501664
314.566 -0.136036794714 0.183973569994 0.183973569994
498.553 -0.1765113434 0.175615914898 0.1765113434
790.154 -0.231825901378 0.175090551122 0.231825901378
1252.31 -0.261432725678 0.19675600397 0.261432725678
1984.78 -0.240734565742 0.274079556268 0.274079556268
3145.66 -0.24090959082 0.305195791414 0.305195791414
4985.53 -0.305469779272 0.275130603916 0.305469779272
7901.54 -0.300400578274 0.298412925573 0.300400578274
12523.1 -0.30914114357 0.355470197783 0.355470197783
19847.8 -0.414336250636 0.454633966918 0.454633966918
31456.6 -0.562390965017 0.557340923698 0.562390965017
49855.3 -0.696703841054 0.6576142906 0.696703841054
79015.4 -0.825847580411 0.766003552845 0.825847580411
125231 -0.952225349261 0.91678728648 0.952225349261
198478 -1.11177240805 1.15621156212 1.15621156212
314566 -1.37544886288 1.50206144434 1.50206144434
498553 -1.7452648681 1.75296079354 1.75296079354
790154 -2.16483448086 2.0163429591 2.16483448086
