# E_GeV delta_tight_percent delta_loose_percent envelope_percent
49.8553 0.0473425355854 -0.0686578952092 0.0686578952092
79.0154 0.0594794419473 -0.0338806947801 0.0594794419473
125.231 0.0851619124483 -0.0513591841227 0.0851619124483
198.478 0.107831119877 -0.0599061777094 0.107831119877
314.566 0.0893958975057 -0.0728770903579 0.0893958975057
498.553 0.0494726462157 -0.0795815643878 0.0795815643878
790.154 0.0176591483782 -0.0589890701143 0.0589890701143
1252.31 -0.00371688718131 -0.021681841891 0.021681841891
1984.78 0.0044727083469 0.0248032008327 0.0248032008327
3145.66 0.00353515581527 0.0111291942332 0.0111291942332
4985.53 -0.0411529476318 -0.0207843169858 0.0411529476318
7901.54 0.0120693656951 0.0293113166882 0.0293113166882
12523.1 0.053045037763 0.104406106073 0.104406106073
19847.8 -0.0336568429073 0.140012466495 0.140012466495
31456.6 -0.161571360684 0.10047294698 0.161571360684
49855.3 -0.199501246883 0.0606327318957 0.199501246883
79015.4 -0.0963332767855 0.0230230472821 0.0963332767855
125231 0.34556547077 0.119969040248 0.34556547077
198478 0.539800193361 0.401224621334 0.539800193361
314566 0.476216114356 0.219667806283 0.476216114356
498553 -0.119664256287 -0.511137323282 0.511137323282
790154 -0.689502566826 -0.541983831947 0.689502566826
