# E_GeV delta_tight_percent delta_loose_percent envelope_percent
49.8553 -0.652025632281 0.40185062196 0.652025632281
79.0154 -0.599311845444 0.438943223485 0.599311845444
125.231 -0.553945485895 0.421354939129 0.553945485895
198.478 -0.500446992249 0.411048542437 0.500446992249
314.566 -0.47742437002 0.336853015482 0.47742437002
498.553 -0.456220821623 0.186584914044 0.456220821623
790.154 -0.417812645596 0.217548131115 0.417812645596
1252.31 -0.41147776397 0.429939127063 0.429939127063
1984.78 -0.376554405199 0.494075164488 0.494075164488
3145.66 -0.34787868631 0.383622337556 0.383622337556
4985.53 -0.389006412787 0.292586019874 0.389006412787
7901.54 -0.343201366445 0.300798108815 0.343201366445
12523.1 -0.306192931029 0.329357458135 0.329357458135
19847.8 -0.365519218495 0.368088535976 0.368088535976
31456.6 -0.446240014691 0.391607749518 0.446240014691
49855.3 -0.481205845236 0.365116619967 0.481205845236
79015.4 -0.490721026042 0.349615108412 0.490721026042
125231 -0.462995989056 0.407077487395 0.462995989056
198478 -0.437249533786 0.492004920049 0.492004920049
314566 -0.459901582657 0.51256816066 0.51256816066
498553 -0.557527042627 0.484843302407 0.557527042627
790154 -0.666285311195 0.484301689721 0.666285311195
