# E_GeV delta_tight_percent delta_loose_percent envelope_percent
49.8553 0.0464450467592 -0.0284952702339 0.0464450467592
79.0154 0.0579736332904 -0.0301161731379 0.0579736332904
125.231 0.0508351108153 -0.0345888382867 0.0508351108153
198.478 0.0608278112126 -0.0387086071353 0.0608278112126
314.566 0.0595972650038 -0.0353049015511 0.0595972650038
498.553 0.0453312708538 -0.0321236413211 0.0453312708538
790.154 0.0356940233176 -0.0439600076648 0.0439600076648
1252.31 0.0379122492495 -0.0536470716504 0.0536470716504
1984.78 0.0435072539197 -0.0666840153536 0.0666840153536
3145.66 0.0508014983823 -0.089033553866 0.089033553866
4985.53 0.0507137334453 -0.0806431499048 0.0806431499048
7901.54 0.0425743559137 -0.0481448323884 0.0481448323884
12523.1 0.0437832057726 -0.0336793890559 0.0437832057726
19847.8 0.0570820055709 -0.054120203395 0.0570820055709
31456.6 0.0674345454957 -0.0588355094929 0.0674345454957
49855.3 0.0756279236549 -0.0637295649765 0.0756279236549
79015.4 0.0708867508422 -0.0678574025156 0.0708867508422
125231 0.0689765070115 -0.0789928974686 0.0789928974686
198478 0.0668707702224 -0.0870125684821 0.0870125684821
314566 0.0742994050664 -0.0955662637629 0.0955662637629
498553 0.0957314050293 -0.0948766603416 0.0957314050293
790154 0.109163863811 -0.0923467280345 0.109163863811
