# E_GeV max_deviation_percent
49.8553 0.979160309454
79.0154 0.925319419661
125.231 0.862624663938
198.478 0.805507681815
314.566 0.781239878215
498.553 0.75014522731
790.154 0.746577092445
1252.31 0.74440180847
1984.78 0.731963206649
3145.66 0.736083543256
4985.53 0.711100397734
7901.54 0.629688375809
12523.1 0.636813908824
19847.8 0.751187295131
31456.6 0.842897805528
49855.3 0.890466698904
79015.4 0.887581419374
125231 0.831413771599
198478 0.839582589374
314566 0.948530389679
498553 1.13728675873
790154 1.24572827533
