# E_GeV max_deviation_percent
49.8553 0.174561576708
79.0154 0.170909282557
125.231 0.175302521317
198.478 0.189856501664
314.566 0.183973569994
498.553 0.1765113434
790.154 0.231825901378
1252.31 0.261432725678
1984.78 0.274079556268
3145.66 0.305195791414
4985.53 0.305469779272
7901.54 0.300400578274
12523.1 0.355470197783
19847.8 0.454633966918
31456.6 0.562390965017
49855.3 0.696703841054
79015.4 0.825847580411
125231 0.952225349261
198478 1.15621156212
314566 1.50206144434
498553 1.75296079354
790154 2.16483448086
