# E_GeV max_deviation_percent
49.8553 0.0686578952092
79.0154 0.0594794419473
125.231 0.0851619124483
198.478 0.107831119877
314.566 0.0893958975057
498.553 0.0795815643878
790.154 0.0589890701143
1252.31 0.021681841891
1984.78 0.0248032008327
3145.66 0.0111291942332
4985.53 0.0411529476318
7901.54 0.0293113166882
12523.1 0.104406106073
19847.8 0.140012466495
31456.6 0.161571360684
49855.3 0.199501246883
79015.4 0.0963332767855
125231 0.34556547077
198478 0.539800193361
314566 0.476216114356
498553 0.511137323282
790154 0.689502566826
