# E_GeV delta_tight_percent delta_loose_percent envelope_percent
49.8553 -0.322647233042 0.168503527131 0.322647233042
79.0154 -0.322995956904 0.223612585549 0.322995956904
125.231 -0.305010664892 0.204388589876 0.305010664892
198.478 -0.302295789057 0.206445904722 0.302295789057
314.566 -0.301224331152 0.220250048585 0.301224331152
498.553 -0.291126191619 0.223969053991 0.291126191619
790.154 -0.325758600478 0.226565670229 0.325758600478
1252.31 -0.330198205655 0.207411555822 0.330198205655
1984.78 -0.353782216547 0.201289881829 0.353782216547
3145.66 -0.386371849191 0.245623039336 0.386371849191
4985.53 -0.319184748954 0.299651307286 0.319184748954
7901.54 -0.278536398559 0.324252410691 0.324252410691
12523.1 -0.312510529331 0.315458741871 0.315458741871
19847.8 -0.37998853273 0.292766965609 0.37998853273
31456.6 -0.391607749518 0.273620420531 0.391607749518
49855.3 -0.407912938136 0.273963832056 0.407912938136
79015.4 -0.398120267597 0.277172338201 0.398120267597
125231 -0.367957547962 0.303984941124 0.367957547962
198478 -0.388842598103 0.350751894616 0.388842598103
314566 -0.483574943477 0.389679478654 0.483574943477
498553 -0.576339304801 0.41814528197 0.576339304801
790154 -0.582703257033 0.444585394481 0.582703257033
