# E_GeV delta_tight_percent delta_loose_percent envelope_percent
49.8553 0.0464450467592 -0.0284952702339 0.0464450467592
79.0154 0.0579736332904 -0.0301161731379 0.0579736332904
125.231 0.0508351108153 -0.0345888382867 0.0508351108153
198.478 0.0608278112126 -0.0387086071353 0.0608278112126
314.566 0.0592731748397 -0.0353047871996 0.0592731748397
498.553 0.0453310678992 -0.032123497499 0.0453310678992
790.154 0.0356944256579 -0.0443362339751 0.0443362339751
1252.31 0.0379139403116 -0.0536494645585 0.0536494645585
1984.78 0.0435111461731 -0.0666899810503 0.0666899810503
3145.66 0.0505386424221 -0.0889008761777 0.0889008761777
4985.53 0.0507038273078 -0.0797961872384 0.0797961872384
7901.54 0.0446559306919 -0.049028766635 0.049028766635
12523.1 0.0459078809933 -0.03453620405 0.0459078809933
19847.8 0.0550374849898 -0.0500340772634 0.0550374849898
31456.6 0.0638141584795 -0.0500413185199 0.0638141584795
49855.3 0.0707655654758 -0.0606561989793 0.0707655654758
79015.4 0.0667733360211 -0.0718128330793 0.0718128330793
125231 0.0717965947243 -0.0814615209372 0.0814615209372
198478 0.0730071816847 -0.0857040828473 0.0857040828473
314566 0.0752759675489 -0.0944274504588 0.0944274504588
498553 0.0923511052204 -0.0957715165249 0.0957715165249
790154 0.10521854336 -0.0972160062598 0.10521854336
