# E_GeV delta_tight_percent delta_loose_percent envelope_percent
49.8553 -0.174561576708 0.149207517366 0.174561576708
79.0154 -0.170909282557 0.164133143601 0.170909282557
125.231 -0.162986798593 0.175302521317 0.175302521317
198.478 -0.141931559496 0.189856501664 0.189856501664
314.566 -0.136037235335 0.183974165881 0.183974165881
498.553 -0.17651213367 0.175504772096 0.17651213367
790.154 -0.231447561722 0.175088577537 0.231447561722
1252.31 -0.261297168847 0.196871124371 0.261297168847
1984.78 -0.241119640882 0.275274868258 0.275274868258
3145.66 -0.243402024466 0.307034829141 0.307034829141
4985.53 -0.310517695767 0.276015729571 0.310517695767
7901.54 -0.28356377864 0.279319606088 0.28356377864
12523.1 -0.285853814612 0.335951905832 0.335951905832
19847.8 -0.44615510958 0.48910124113 0.48910124113
31456.6 -0.613699622095 0.618225430518 0.618225430518
49855.3 -0.680651312894 0.663048261699 0.680651312894
79015.4 -0.711290987083 0.695538375785 0.711290987083
125231 -0.804953560372 0.891231105445 0.891231105445
198478 -1.06187560425 1.20125684821 1.20125684821
314566 -1.44210838022 1.53363663284 1.53363663284
498553 -1.81291348274 1.73085799272 1.81291348274
790154 -2.19183336284 2.01274561869 2.19183336284
