# E_GeV max_deviation_percent
49.8553 0.652025632281
79.0154 0.599311845444
125.231 0.553945485895
198.478 0.500446992249
314.566 0.47742437002
498.553 0.456220821623
790.154 0.417812645596
1252.31 0.429939127063
1984.78 0.494075164488
3145.66 0.383622337556
4985.53 0.389006412787
7901.54 0.343201366445
12523.1 0.329357458135
19847.8 0.368088535976
31456.6 0.446240014691
49855.3 0.481205845236
79015.4 0.490721026042
125231 0.462995989056
198478 0.492004920049
314566 0.51256816066
498553 0.557527042627
790154 0.666285311195
