# E_GeV delta_tight_percent delta_loose_percent envelope_percent
49.8553 0.00381432751162 -0.0760621780259 0.0760621780259
79.0154 0.0301161731379 -0.00527033029913 0.0301161731379
125.231 0.0788730327598 -0.0495249275469 0.0788730327598
198.478 0.114282554399 -0.0635927117222 0.114282554399
314.566 0.109153686447 -0.0725531921785 0.109153686447
498.553 0.0991691505591 -0.089655180133 0.0991691505591
790.154 0.0571104373081 -0.0928044606257 0.0928044606257
1252.31 0.0291156162537 -0.0853645089311 0.0853645089311
1984.78 0.00121982954915 -0.0317155682779 0.0317155682779
3145.66 -0.0276265880378 0.0128313062925 0.0276265880378
4985.53 -0.000831372679436 0.045309811029 0.045309811029
7901.54 0.12533572068 0.108491660864 0.12533572068
12523.1 0.185236639807 0.153241220204 0.185236639807
19847.8 0.0170976761969 0.15037877411 0.15037877411
31456.6 -0.153424905524 0.0887058450816 0.153424905524
49855.3 -0.199012273238 0.102032500448 0.199012273238
79015.4 -0.153285025325 -0.0545282698786 0.153285025325
125231 0.485339646695 -0.41955017301 0.485339646695
198478 1.01434096036 -0.402030293265 1.01434096036
314566 0.77772094651 0.366113010472 0.77772094651
498553 0.411986939501 0.741918388977 0.741918388977
790154 -1.21879978757 1.56930430165 1.56930430165
