# E_GeV max_deviation_percent
49.8553 0.322647233042
79.0154 0.322995956904
125.231 0.305010664892
198.478 0.302295789057
314.566 0.301224331152
498.553 0.291126191619
790.154 0.325758600478
1252.31 0.330198205655
1984.78 0.353782216547
3145.66 0.386371849191
4985.53 0.319184748954
7901.54 0.324252410691
12523.1 0.315458741871
19847.8 0.37998853273
31456.6 0.391607749518
49855.3 0.407912938136
79015.4 0.398120267597
125231 0.367957547962
198478 0.388842598103
314566 0.483574943477
498553 0.576339304801
790154 0.582703257033
