# E_GeV max_deviation_percent
49.8553 0.0760621780259
79.0154 0.0301161731379
125.231 0.0788730327598
198.478 0.114282554399
314.566 0.109153686447
498.553 0.0991691505591
790.154 0.0928044606257
1252.31 0.0853645089311
1984.78 0.0317155682779
3145.66 0.0276265880378
4985.53 0.045309811029
7901.54 0.12533572068
12523.1 0.185236639807
19847.8 0.15037877411
31456.6 0.153424905524
49855.3 0.199012273238
79015.4 0.153285025325
125231 0.485339646695
198478 1.01434096036
314566 0.77772094651
498553 0.741918388977
790154 1.56930430165
