# E_GeV max_deviation_percent
49.8553 0.174561576708
79.0154 0.170909282557
125.231 0.175302521317
198.478 0.189856501664
314.566 0.183974165881
498.553 0.17651213367
790.154 0.231447561722
1252.31 0.261297168847
1984.78 0.275274868258
3145.66 0.307034829141
4985.53 0.310517695767
7901.54 0.28356377864
12523.1 0.335951905832
19847.8 0.48910124113
31456.6 0.618225430518
49855.3 0.680651312894
79015.4 0.711290987083
125231 0.891231105445
198478 1.20125684821
314566 1.53363663284
498553 1.81291348274
790154 2.19183336284
