# E_GeV max_deviation_percent
49.8553 0.0433038358673
79.0154 0.0301161731379
125.231 0.00628887968849
198.478 0.00552980101933
314.566 0.0194338907621
498.553 0.0492487880881
790.154 0.0390755623687
1252.31 0.0639304595188
1984.78 0.0569253789604
3145.66 0.0312926755499
4985.53 0.0665098143545
7901.54 0.111144268709
12523.1 0.131770609681
19847.8 0.055601104483
31456.6 0.0199135570591
49855.3 0.0337391814581
79015.4 0.0696750115115
125231 0.495811327627
198478 0.754914598775
314566 0.307158047756
498553 1.20689949912
790154 2.05877146398
