# E_GeV delta_tight_percent delta_loose_percent envelope_percent
49.8553 -0.979160309454 0.569681032471 0.979160309454
79.0154 -0.925319419661 0.656532574406 0.925319419661
125.231 -0.862624663938 0.613689842935 0.862624663938
198.478 -0.805507681815 0.595375243081 0.805507681815
314.566 -0.781239878215 0.580423657446 0.781239878215
498.553 -0.75014522731 0.550912385679 0.75014522731
790.154 -0.746577092445 0.535040654072 0.746577092445
1252.31 -0.74440180847 0.533273199676 0.74440180847
1984.78 -0.731963206649 0.57459111722 0.731963206649
3145.66 -0.736083543256 0.606725567316 0.736083543256
4985.53 -0.711100397734 0.605121086558 0.711100397734
7901.54 -0.625580560227 0.629688375809 0.629688375809
12523.1 -0.624599885441 0.636813908824 0.636813908824
19847.8 -0.751187295131 0.652200958491 0.751187295131
31456.6 -0.842897805528 0.660637223395 0.842897805528
49855.3 -0.890466698904 0.63975440979 0.890466698904
79015.4 -0.887581419374 0.630567069406 0.887581419374
125231 -0.831413771599 0.711752780392 0.831413771599
198478 -0.830059913502 0.839582589374 0.839582589374
314566 -0.948530389679 0.896661790132 0.948530389679
498553 -1.13728675873 0.897857967421 1.13728675873
790154 -1.24572827533 0.924144839994 1.24572827533
