# E_GeV max_deviation_percent
49.8553 0.0464450467592
79.0154 0.0579736332904
125.231 0.0508351108153
198.478 0.0608278112126
314.566 0.0595972650038
498.553 0.0453312708538
790.154 0.0439600076648
1252.31 0.0536470716504
1984.78 0.0666840153536
3145.66 0.089033553866
4985.53 0.0806431499048
7901.54 0.0481448323884
12523.1 0.0437832057726
19847.8 0.0570820055709
31456.6 0.0674345454957
49855.3 0.0756279236549
79015.4 0.0708867508422
125231 0.0789928974686
198478 0.0870125684821
314566 0.0955662637629
498553 0.0957314050293
790154 0.109163863811
