12.5231	0	0	0.0	10	15.8489
19.8478	4.88608	0.00345237	0.0	15.8489	25.1189
31.4566	1.43123	0.000427003	0.0	25.1189	39.8107
49.8553	0.446171	4.9246e-05	0.0	39.8107	63.0957
79.0154	0.133891	1.76636e-05	0.0	63.0957	100
125.231	0.038392	6.84136e-06	0.0	100	158.489
198.478	0.0108336	2.62455e-06	0.0	158.489	251.189
314.566	0.0030784	1.03856e-06	0.0	251.189	398.107
498.553	0.000897441	4.47994e-07	0.0	398.107	630.957
790.154	0.000268508	1.69361e-07	0.0	630.957	1000
1252.31	8.10317e-05	7.99175e-08	0.0	1000	1584.89
1984.78	2.45829e-05	3.81782e-08	0.0	1584.89	2511.89
3145.66	7.64288e-06	1.55965e-08	0.0	2511.89	3981.07
4985.53	2.41198e-06	6.80646e-09	0.0	3981.07	6309.57
7901.54	7.55853e-07	2.9933e-09	0.0	6309.57	10000
12523.1	2.39002e-07	1.38932e-09	0.0	10000	15848.9
19847.8	7.47034e-08	5.72732e-10	0.0	15848.9	25118.9
31456.6	2.17405e-08	2.15077e-10	0.0	25118.9	39810.7
49855.3	5.90046e-09	8.23262e-11	0.0	39810.7	63095.7
79015.4	1.59932e-09	3.19278e-11	0.0	63095.7	100000
125231	4.36974e-10	1.35259e-11	0.0	100000	158489
198478	1.25219e-10	5.94069e-12	0.0	158489	251189
314566	3.77907e-11	2.38644e-12	0.0	251189	398107
498553	1.19406e-11	1.08111e-12	0.0	398107	630957
790154	3.40793e-12	4.54409e-13	0.0	630957	1e+06
1.25231e+06	9.26316e-13	1.71407e-13	0.0	1e+06	1.58489e+06
1.98478e+06	3.52798e-13	8.74061e-14	0.0	1.58489e+06	2.51189e+06
3.14566e+06	1.03711e-13	3.46512e-14	0.0	2.51189e+06	3.98107e+06
4.98553e+06	2.62318e-14	1.51016e-14	0.0	3.98107e+06	6.30957e+06
7.90154e+06	0	0	0.0	6.30957e+06	1e+07
