12.5231	0	0	0.0	10	15.8489
19.8478	4.56959	0.0048286	0.0	15.8489	25.1189
31.4566	1.44633	0.000508839	0.0	25.1189	39.8107
49.8553	0.446846	4.22469e-05	0.0	39.8107	63.0957
79.0154	0.133225	1.62602e-05	0.0	63.0957	100
125.231	0.038278	5.97332e-06	0.0	100	158.489
198.478	0.0108836	2.22427e-06	0.0	158.489	251.189
314.566	0.00309698	9.65373e-07	0.0	251.189	398.107
498.553	0.000896179	8.54123e-07	0.0	398.107	630.957
790.154	0.000266943	2.34528e-07	0.0	630.957	1000
1252.31	8.09348e-05	1.07336e-07	0.0	1000	1584.89
1984.78	2.46574e-05	4.57643e-08	0.0	1584.89	2511.89
3145.66	7.65792e-06	1.51871e-08	0.0	2511.89	3981.07
4985.53	2.41248e-06	7.41199e-09	0.0	3981.07	6309.57
7901.54	7.56604e-07	3.06088e-09	0.0	6309.57	10000
12523.1	2.38037e-07	1.31651e-09	0.0	10000	15848.9
19847.8	7.4155e-08	5.3931e-10	0.0	15848.9	25118.9
31456.6	2.18506e-08	2.44516e-10	0.0	25118.9	39810.7
49855.3	5.95448e-09	8.00929e-11	0.0	39810.7	63095.7
79015.4	1.59254e-09	3.48617e-11	0.0	63095.7	100000
125231	4.35932e-10	1.44472e-11	0.0	100000	158489
198478	1.26394e-10	5.61335e-12	0.0	158489	251189
314566	3.76983e-11	2.27482e-12	0.0	251189	398107
498553	1.1722e-11	1.07676e-12	0.0	398107	630957
790154	3.38217e-12	4.46612e-13	0.0	630957	1e+06
1.25231e+06	9.43201e-13	1.67825e-13	0.0	1e+06	1.58489e+06
1.98478e+06	3.59282e-13	8.63064e-14	0.0	1.58489e+06	2.51189e+06
3.14566e+06	1.03819e-13	3.44851e-14	0.0	2.51189e+06	3.98107e+06
4.98553e+06	2.57823e-14	1.53355e-14	0.0	3.98107e+06	6.30957e+06
7.90154e+06	0	0	0.0	6.30957e+06	1e+07
