12.5231	0	0	0.0	10	15.8489
19.8478	4.5719	0.00481345	0.0	15.8489	25.1189
31.4566	1.44891	0.000512881	0.0	25.1189	39.8107
49.8553	0.448001	4.2502e-05	0.0	39.8107	63.0957
79.0154	0.133632	1.62851e-05	0.0	63.0957	100
125.231	0.0383936	5.97973e-06	0.0	100	158.489
198.478	0.010917	2.22265e-06	0.0	158.489	251.189
314.566	0.00310656	9.64974e-07	0.0	251.189	398.107
498.553	0.000898931	8.53015e-07	0.0	398.107	630.957
790.154	0.000267743	2.35598e-07	0.0	630.957	1000
1252.31	8.11643e-05	1.06852e-07	0.0	1000	1584.89
1984.78	2.47255e-05	4.57446e-08	0.0	1584.89	2511.89
3145.66	7.67796e-06	1.53477e-08	0.0	2511.89	3981.07
4985.53	2.41837e-06	7.20527e-09	0.0	3981.07	6309.57
7901.54	7.57873e-07	3.10809e-09	0.0	6309.57	10000
12523.1	2.3876e-07	1.30386e-09	0.0	10000	15848.9
19847.8	7.46928e-08	5.24651e-10	0.0	15848.9	25118.9
31456.6	2.22318e-08	2.38016e-10	0.0	25118.9	39810.7
49855.3	6.17384e-09	8.51379e-11	0.0	39810.7	63095.7
79015.4	1.66073e-09	3.471e-11	0.0	63095.7	100000
125231	4.42034e-10	1.43839e-11	0.0	100000	158489
198478	1.2488e-10	5.85563e-12	0.0	158489	251189
314566	3.73554e-11	2.24445e-12	0.0	251189	398107
498553	1.17547e-11	1.07005e-12	0.0	398107	630957
790154	3.40575e-12	4.48681e-13	0.0	630957	1e+06
1.25231e+06	9.48992e-13	1.67877e-13	0.0	1e+06	1.58489e+06
1.98478e+06	3.6078e-13	8.62211e-14	0.0	1.58489e+06	2.51189e+06
3.14566e+06	1.04069e-13	3.44637e-14	0.0	2.51189e+06	3.98107e+06
4.98553e+06	2.5631e-14	1.52938e-14	0.0	3.98107e+06	6.30957e+06
7.90154e+06	0	0	0.0	6.30957e+06	1e+07
