12.5231	0	0	0.0	10	15.8489
19.8478	4.87927	0.00346203	0.0	15.8489	25.1189
31.4566	1.42872	0.000424528	0.0	25.1189	39.8107
49.8553	0.445033	4.90869e-05	0.0	39.8107	63.0957
79.0154	0.133486	1.76315e-05	0.0	63.0957	100
125.231	0.0382753	6.83586e-06	0.0	100	158.489
198.478	0.0107997	2.62156e-06	0.0	158.489	251.189
314.566	0.00306875	1.03696e-06	0.0	251.189	398.107
498.553	0.000894699	4.47918e-07	0.0	398.107	630.957
790.154	0.000267713	1.6912e-07	0.0	630.957	1000
1252.31	8.08051e-05	7.99557e-08	0.0	1000	1584.89
1984.78	2.45172e-05	3.8118e-08	0.0	1584.89	2511.89
3145.66	7.6228e-06	1.55627e-08	0.0	2511.89	3981.07
4985.53	2.40563e-06	6.80223e-09	0.0	3981.07	6309.57
7901.54	7.5389e-07	2.98589e-09	0.0	6309.57	10000
12523.1	2.38388e-07	1.38658e-09	0.0	10000	15848.9
19847.8	7.44957e-08	5.70548e-10	0.0	15848.9	25118.9
31456.6	2.16718e-08	2.15222e-10	0.0	25118.9	39810.7
49855.3	5.88164e-09	8.2061e-11	0.0	39810.7	63095.7
79015.4	1.59427e-09	3.19237e-11	0.0	63095.7	100000
125231	4.35513e-10	1.35111e-11	0.0	100000	158489
198478	1.24908e-10	5.92949e-12	0.0	158489	251189
314566	3.7706e-11	2.38245e-12	0.0	251189	398107
498553	1.18608e-11	1.08042e-12	0.0	398107	630957
790154	3.37711e-12	4.53736e-13	0.0	630957	1e+06
1.25231e+06	9.36082e-13	1.71052e-13	0.0	1e+06	1.58489e+06
1.98478e+06	3.54304e-13	8.74208e-14	0.0	1.58489e+06	2.51189e+06
3.14566e+06	1.00574e-13	3.46683e-14	0.0	2.51189e+06	3.98107e+06
4.98553e+06	2.63897e-14	1.51404e-14	0.0	3.98107e+06	6.30957e+06
7.90154e+06	0	0	0.0	6.30957e+06	1e+07
