12.5231	0	0	0.0	10	15.8489
19.8478	4.88607	0.00345258	0.0	15.8489	25.1189
31.4566	1.43122	0.000427011	0.0	25.1189	39.8107
49.8553	0.446171	4.92447e-05	0.0	39.8107	63.0957
79.0154	0.133891	1.76644e-05	0.0	63.0957	100
125.231	0.0383923	6.84137e-06	0.0	100	158.489
198.478	0.0108336	2.62476e-06	0.0	158.489	251.189
314.566	0.00307831	1.03962e-06	0.0	251.189	398.107
498.553	0.000897395	4.48015e-07	0.0	398.107	630.957
790.154	0.00026849	1.69508e-07	0.0	630.957	1000
1252.31	8.10421e-05	7.97691e-08	0.0	1000	1584.89
1984.78	2.4594e-05	3.81923e-08	0.0	1584.89	2511.89
3145.66	7.64492e-06	1.58052e-08	0.0	2511.89	3981.07
4985.53	2.41093e-06	6.74559e-09	0.0	3981.07	6309.57
7901.54	7.55148e-07	3.0131e-09	0.0	6309.57	10000
12523.1	2.38859e-07	1.40024e-09	0.0	10000	15848.9
19847.8	7.50196e-08	5.68967e-10	0.0	15848.9	25118.9
31456.6	2.21368e-08	2.10797e-10	0.0	25118.9	39810.7
49855.3	6.09568e-09	9.6078e-11	0.0	39810.7	63095.7
79015.4	1.65304e-09	3.1418e-11	0.0	63095.7	100000
125231	4.42552e-10	1.34404e-11	0.0	100000	158489
198478	1.24122e-10	6.00084e-12	0.0	158489	251189
314566	3.73161e-11	2.3062e-12	0.0	251189	398107
498553	1.18574e-11	1.07976e-12	0.0	398107	630957
790154	3.40181e-12	4.57414e-13	0.0	630957	1e+06
1.25231e+06	9.32387e-13	1.70875e-13	0.0	1e+06	1.58489e+06
1.98478e+06	3.55398e-13	8.7394e-14	0.0	1.58489e+06	2.51189e+06
3.14566e+06	1.03458e-13	3.46569e-14	0.0	2.51189e+06	3.98107e+06
4.98553e+06	2.58087e-14	1.50943e-14	0.0	3.98107e+06	6.30957e+06
7.90154e+06	0	0	0.0	6.30957e+06	1e+07
