12.5231	0	0	0.0	10	15.8489
19.8478	4.13341	0.00277198	0.0	15.8489	25.1189
31.4566	1.42353	0.000394869	0.0	25.1189	39.8107
49.8553	0.442259	4.87255e-05	0.0	39.8107	63.0957
79.0154	0.132872	1.76788e-05	0.0	63.0957	100
125.231	0.0380749	6.71077e-06	0.0	100	158.489
198.478	0.0107236	2.69849e-06	0.0	158.489	251.189
314.566	0.00304361	1.0586e-06	0.0	251.189	398.107
498.553	0.000888002	4.26871e-07	0.0	398.107	630.957
790.154	0.00026637	1.80406e-07	0.0	630.957	1000
1252.31	8.05211e-05	7.78527e-08	0.0	1000	1584.89
1984.78	2.44283e-05	3.17044e-08	0.0	1584.89	2511.89
3145.66	7.58525e-06	1.41725e-08	0.0	2511.89	3981.07
4985.53	2.3923e-06	6.65312e-09	0.0	3981.07	6309.57
7901.54	7.49708e-07	2.81094e-09	0.0	6309.57	10000
12523.1	2.35902e-07	1.28871e-09	0.0	10000	15848.9
19847.8	7.38959e-08	5.1639e-10	0.0	15848.9	25118.9
31456.6	2.19963e-08	2.34386e-10	0.0	25118.9	39810.7
49855.3	6.08957e-09	9.46366e-11	0.0	39810.7	63095.7
79015.4	1.64111e-09	3.72292e-11	0.0	63095.7	100000
125231	4.3873e-10	1.49166e-11	0.0	100000	158489
198478	1.2355e-10	5.7891e-12	0.0	158489	251189
314566	3.6539e-11	2.33138e-12	0.0	251189	398107
498553	1.14835e-11	1.04691e-12	0.0	398107	630957
790154	3.42027e-12	4.21154e-13	0.0	630957	1e+06
1.25231e+06	9.5839e-13	1.63913e-13	0.0	1e+06	1.58489e+06
1.98478e+06	3.53377e-13	8.41563e-14	0.0	1.58489e+06	2.51189e+06
3.14566e+06	1.02478e-13	3.38777e-14	0.0	2.51189e+06	3.98107e+06
4.98553e+06	2.61693e-14	1.59439e-14	0.0	3.98107e+06	6.30957e+06
7.90154e+06	0	0	0.0	6.30957e+06	1e+07
