12.5231	0	0	0.0	10	15.8489
19.8478	5.12778	0.00317045	0.0	15.8489	25.1189
31.4566	1.42092	0.000444917	0.0	25.1189	39.8107
49.8553	0.445521	4.9983e-05	0.0	39.8107	63.0957
79.0154	0.133549	1.78096e-05	0.0	63.0957	100
125.231	0.0382689	7.03305e-06	0.0	100	158.489
198.478	0.0107932	2.67516e-06	0.0	158.489	251.189
314.566	0.00306528	1.11627e-06	0.0	251.189	398.107
498.553	0.000894773	4.39382e-07	0.0	398.107	630.957
790.154	0.000268116	1.89917e-07	0.0	630.957	1000
1252.31	8.08771e-05	8.33279e-08	0.0	1000	1584.89
1984.78	2.45342e-05	4.32962e-08	0.0	1584.89	2511.89
3145.66	7.62336e-06	1.67819e-08	0.0	2511.89	3981.07
4985.53	2.39985e-06	8.31699e-09	0.0	3981.07	6309.57
7901.54	7.52259e-07	3.23052e-09	0.0	6309.57	10000
12523.1	2.37913e-07	1.21217e-09	0.0	10000	15848.9
19847.8	7.46309e-08	5.76925e-10	0.0	15848.9	25118.9
31456.6	2.18472e-08	2.3278e-10	0.0	25118.9	39810.7
49855.3	5.88015e-09	8.6987e-11	0.0	39810.7	63095.7
79015.4	1.57657e-09	3.66493e-11	0.0	63095.7	100000
125231	4.36179e-10	1.5069e-11	0.0	100000	158489
198478	1.26883e-10	6.14853e-12	0.0	158489	251189
314566	3.77444e-11	2.53643e-12	0.0	251189	398107
498553	1.16912e-11	1.11654e-12	0.0	398107	630957
790154	3.34233e-12	4.63031e-13	0.0	630957	1e+06
1.25231e+06	9.40073e-13	1.74494e-13	0.0	1e+06	1.58489e+06
1.98478e+06	3.58216e-13	8.86288e-14	0.0	1.58489e+06	2.51189e+06
3.14566e+06	1.01144e-13	3.46853e-14	0.0	2.51189e+06	3.98107e+06
4.98553e+06	2.63747e-14	1.48155e-14	0.0	3.98107e+06	6.30957e+06
7.90154e+06	0	0	0.0	6.30957e+06	1e+07
