12.5231	0	0	0.0	10	15.8489
19.8478	3.69644	0.0115462	0.0	15.8489	25.1189
31.4566	1.44383	0.000504694	0.0	25.1189	39.8107
49.8553	0.445697	4.19872e-05	0.0	39.8107	63.0957
79.0154	0.132819	1.62202e-05	0.0	63.0957	100
125.231	0.0381625	5.95574e-06	0.0	100	158.489
198.478	0.0108503	2.2117e-06	0.0	158.489	251.189
314.566	0.0030874	9.57385e-07	0.0	251.189	398.107
498.553	0.000893427	8.42882e-07	0.0	398.107	630.957
790.154	0.00026615	2.33943e-07	0.0	630.957	1000
1252.31	8.07115e-05	1.06242e-07	0.0	1000	1584.89
1984.78	2.45932e-05	4.54435e-08	0.0	1584.89	2511.89
3145.66	7.63764e-06	1.53041e-08	0.0	2511.89	3981.07
4985.53	2.40575e-06	7.19378e-09	0.0	3981.07	6309.57
7901.54	7.53995e-07	3.09669e-09	0.0	6309.57	10000
12523.1	2.37528e-07	1.30227e-09	0.0	10000	15848.9
19847.8	7.42743e-08	5.23042e-10	0.0	15848.9	25118.9
31456.6	2.20942e-08	2.37785e-10	0.0	25118.9	39810.7
49855.3	6.13517e-09	8.48501e-11	0.0	39810.7	63095.7
79015.4	1.65076e-09	3.45705e-11	0.0	63095.7	100000
125231	4.39457e-10	1.43419e-11	0.0	100000	158489
198478	1.24157e-10	5.84579e-12	0.0	158489	251189
314566	3.71303e-11	2.24115e-12	0.0	251189	398107
498553	1.16854e-11	1.07153e-12	0.0	398107	630957
790154	3.38109e-12	4.49937e-13	0.0	630957	1e+06
1.25231e+06	9.4362e-13	1.67882e-13	0.0	1e+06	1.58489e+06
1.98478e+06	3.60291e-13	8.6425e-14	0.0	1.58489e+06	2.51189e+06
3.14566e+06	1.03837e-13	3.46664e-14	0.0	2.51189e+06	3.98107e+06
4.98553e+06	2.55972e-14	1.5414e-14	0.0	3.98107e+06	6.30957e+06
7.90154e+06	0	0	0.0	6.30957e+06	1e+07
