12.5231	0	0	0.0	10	15.8489
19.8478	4.57187	0.00481819	0.0	15.8489	25.1189
31.4566	1.44891	0.00051269	0.0	25.1189	39.8107
49.8553	0.448001	4.24932e-05	0.0	39.8107	63.0957
79.0154	0.133632	1.62926e-05	0.0	63.0957	100
125.231	0.0383936	5.98369e-06	0.0	100	158.489
198.478	0.010917	2.22783e-06	0.0	158.489	251.189
314.566	0.00310657	9.69316e-07	0.0	251.189	398.107
498.553	0.000898935	8.584e-07	0.0	398.107	630.957
790.154	0.00026774	2.35258e-07	0.0	630.957	1000
1252.31	8.11607e-05	1.07509e-07	0.0	1000	1584.89
1984.78	2.47233e-05	4.58404e-08	0.0	1584.89	2511.89
3145.66	7.67812e-06	1.52009e-08	0.0	2511.89	3981.07
4985.53	2.41883e-06	7.41702e-09	0.0	3981.07	6309.57
7901.54	7.58557e-07	3.06576e-09	0.0	6309.57	10000
12523.1	2.3865e-07	1.31806e-09	0.0	10000	15848.9
19847.8	7.43629e-08	5.40471e-10	0.0	15848.9	25118.9
31456.6	2.19198e-08	2.45008e-10	0.0	25118.9	39810.7
49855.3	5.97378e-09	8.0167e-11	0.0	39810.7	63095.7
79015.4	1.59752e-09	3.49351e-11	0.0	63095.7	100000
125231	4.37282e-10	1.44716e-11	0.0	100000	158489
198478	1.2677e-10	5.62297e-12	0.0	158489	251189
314566	3.78028e-11	2.27942e-12	0.0	251189	398107
498553	1.17506e-11	1.07781e-12	0.0	398107	630957
790154	3.39092e-12	4.47183e-13	0.0	630957	1e+06
1.25231e+06	9.46461e-13	1.68111e-13	0.0	1e+06	1.58489e+06
1.98478e+06	3.60784e-13	8.63374e-14	0.0	1.58489e+06	2.51189e+06
3.14566e+06	1.04231e-13	3.44619e-14	0.0	2.51189e+06	3.98107e+06
4.98553e+06	2.56389e-14	1.52935e-14	0.0	3.98107e+06	6.30957e+06
7.90154e+06	0	0	0.0	6.30957e+06	1e+07
