12.5231	0	0	0.0	10	15.8489
19.8478	4.56476	0.0048495	0.0	15.8489	25.1189
31.4566	1.44109	0.000500834	0.0	25.1189	39.8107
49.8553	0.444528	4.17563e-05	0.0	39.8107	63.0957
79.0154	0.132415	1.61831e-05	0.0	63.0957	100
125.231	0.0380473	5.94127e-06	0.0	100	158.489
198.478	0.0108171	2.20696e-06	0.0	158.489	251.189
314.566	0.00307784	9.60836e-07	0.0	251.189	398.107
498.553	0.00089068	8.46108e-07	0.0	398.107	630.957
790.154	0.000265355	2.32783e-07	0.0	630.957	1000
1252.31	8.04837e-05	1.06993e-07	0.0	1000	1584.89
1984.78	2.45255e-05	4.55796e-08	0.0	1584.89	2511.89
3145.66	7.61755e-06	1.51581e-08	0.0	2511.89	3981.07
4985.53	2.39978e-06	7.4007e-09	0.0	3981.07	6309.57
7901.54	7.52696e-07	3.04954e-09	0.0	6309.57	10000
12523.1	2.36812e-07	1.31341e-09	0.0	10000	15848.9
19847.8	7.37398e-08	5.37367e-10	0.0	15848.9	25118.9
31456.6	2.17125e-08	2.43458e-10	0.0	25118.9	39810.7
49855.3	5.91595e-09	7.99278e-11	0.0	39810.7	63095.7
79015.4	1.58256e-09	3.47282e-11	0.0	63095.7	100000
125231	4.33233e-10	1.43963e-11	0.0	100000	158489
198478	1.25642e-10	5.59775e-12	0.0	158489	251189
314566	3.74893e-11	2.26419e-12	0.0	251189	398107
498553	1.16644e-11	1.07448e-12	0.0	398107	630957
790154	3.36402e-12	4.45847e-13	0.0	630957	1e+06
1.25231e+06	9.36649e-13	1.67071e-13	0.0	1e+06	1.58489e+06
1.98478e+06	3.56421e-13	8.62506e-14	0.0	1.58489e+06	2.51189e+06
3.14566e+06	1.03125e-13	3.45278e-14	0.0	2.51189e+06	3.98107e+06
4.98553e+06	2.61266e-14	1.54221e-14	0.0	3.98107e+06	6.30957e+06
7.90154e+06	0	0	0.0	6.30957e+06	1e+07
