12.5231	0	0	0.0	10	15.8489
19.8478	3.96639	0.00963483	0.0	15.8489	25.1189
31.4566	1.4438	0.000504698	0.0	25.1189	39.8107
49.8553	0.445694	4.19901e-05	0.0	39.8107	63.0957
79.0154	0.132819	1.62202e-05	0.0	63.0957	100
125.231	0.0381625	5.95572e-06	0.0	100	158.489
198.478	0.0108503	2.21168e-06	0.0	158.489	251.189
314.566	0.0030874	9.57373e-07	0.0	251.189	398.107
498.553	0.000893427	8.4287e-07	0.0	398.107	630.957
790.154	0.00026615	2.33944e-07	0.0	630.957	1000
1252.31	8.07115e-05	1.06241e-07	0.0	1000	1584.89
1984.78	2.45932e-05	4.54445e-08	0.0	1584.89	2511.89
3145.66	7.63764e-06	1.53035e-08	0.0	2511.89	3981.07
4985.53	2.40575e-06	7.19458e-09	0.0	3981.07	6309.57
7901.54	7.53994e-07	3.09736e-09	0.0	6309.57	10000
12523.1	2.37529e-07	1.30225e-09	0.0	10000	15848.9
19847.8	7.42747e-08	5.23185e-10	0.0	15848.9	25118.9
31456.6	2.20944e-08	2.37813e-10	0.0	25118.9	39810.7
49855.3	6.1352e-09	8.48181e-11	0.0	39810.7	63095.7
79015.4	1.65074e-09	3.45716e-11	0.0	63095.7	100000
125231	4.39436e-10	1.4346e-11	0.0	100000	158489
198478	1.24152e-10	5.84105e-12	0.0	158489	251189
314566	3.71321e-11	2.23811e-12	0.0	251189	398107
498553	1.16869e-11	1.07003e-12	0.0	398107	630957
790154	3.38197e-12	4.49515e-13	0.0	630957	1e+06
1.25231e+06	9.43484e-13	1.68001e-13	0.0	1e+06	1.58489e+06
1.98478e+06	3.59988e-13	8.63463e-14	0.0	1.58489e+06	2.51189e+06
3.14566e+06	1.0377e-13	3.46296e-14	0.0	2.51189e+06	3.98107e+06
4.98553e+06	2.56395e-14	1.54171e-14	0.0	3.98107e+06	6.30957e+06
7.90154e+06	0	0	0.0	6.30957e+06	1e+07
