12.5231	0	0	0.0	10	15.8489
19.8478	3.96633	0.00963809	0.0	15.8489	25.1189
31.4566	1.4438	0.000504791	0.0	25.1189	39.8107
49.8553	0.445694	4.19954e-05	0.0	39.8107	63.0957
79.0154	0.132819	1.62206e-05	0.0	63.0957	100
125.231	0.0381625	5.95854e-06	0.0	100	158.489
198.478	0.0108503	2.21528e-06	0.0	158.489	251.189
314.566	0.00308741	9.62956e-07	0.0	251.189	398.107
498.553	0.00089343	8.49883e-07	0.0	398.107	630.957
790.154	0.000266148	2.33918e-07	0.0	630.957	1000
1252.31	8.0708e-05	1.07023e-07	0.0	1000	1584.89
1984.78	2.45911e-05	4.56561e-08	0.0	1584.89	2511.89
3145.66	7.63778e-06	1.51717e-08	0.0	2511.89	3981.07
4985.53	2.40618e-06	7.40166e-09	0.0	3981.07	6309.57
7901.54	7.54664e-07	3.05345e-09	0.0	6309.57	10000
12523.1	2.37425e-07	1.31487e-09	0.0	10000	15848.9
19847.8	7.3946e-08	5.38234e-10	0.0	15848.9	25118.9
31456.6	2.17808e-08	2.43856e-10	0.0	25118.9	39810.7
49855.3	5.93488e-09	8.00307e-11	0.0	39810.7	63095.7
79015.4	1.58758e-09	3.48078e-11	0.0	63095.7	100000
125231	4.34677e-10	1.44275e-11	0.0	100000	158489
198478	1.26045e-10	5.6087e-12	0.0	158489	251189
314566	3.75828e-11	2.27318e-12	0.0	251189	398107
498553	1.16824e-11	1.07552e-12	0.0	398107	630957
790154	3.36702e-12	4.47523e-13	0.0	630957	1e+06
1.25231e+06	9.41074e-13	1.68325e-13	0.0	1e+06	1.58489e+06
1.98478e+06	3.60033e-13	8.64754e-14	0.0	1.58489e+06	2.51189e+06
3.14566e+06	1.03942e-13	3.46167e-14	0.0	2.51189e+06	3.98107e+06
4.98553e+06	2.56527e-14	1.54149e-14	0.0	3.98107e+06	6.30957e+06
7.90154e+06	0	0	0.0	6.30957e+06	1e+07
