12.5231	0	0	0.0	10	15.8489
19.8478	4.8982	0.00208197	0.0	15.8489	25.1189
31.4566	1.44298	0.000386504	0.0	25.1189	39.8107
49.8553	0.445534	5.23894e-05	0.0	39.8107	63.0957
79.0154	0.132855	1.49709e-05	0.0	63.0957	100
125.231	0.0381791	6.68552e-06	0.0	100	158.489
198.478	0.0108535	2.5749e-06	0.0	158.489	251.189
314.566	0.00308809	9.42863e-07	0.0	251.189	398.107
498.553	0.000893418	8.43203e-07	0.0	398.107	630.957
790.154	0.000266017	2.38763e-07	0.0	630.957	1000
1252.31	8.06645e-05	1.05341e-07	0.0	1000	1584.89
1984.78	2.45917e-05	4.60369e-08	0.0	1584.89	2511.89
3145.66	7.64095e-06	1.53441e-08	0.0	2511.89	3981.07
4985.53	2.40689e-06	7.25156e-09	0.0	3981.07	6309.57
7901.54	7.54498e-07	3.04711e-09	0.0	6309.57	10000
12523.1	2.37306e-07	1.29984e-09	0.0	10000	15848.9
19847.8	7.39396e-08	5.348e-10	0.0	15848.9	25118.9
31456.6	2.17911e-08	2.43463e-10	0.0	25118.9	39810.7
49855.3	5.94105e-09	7.9709e-11	0.0	39810.7	63095.7
79015.4	1.58895e-09	3.43974e-11	0.0	63095.7	100000
125231	4.34281e-10	1.42593e-11	0.0	100000	158489
198478	1.25773e-10	5.56009e-12	0.0	158489	251189
314566	3.75746e-11	2.23268e-12	0.0	251189	398107
498553	1.17173e-11	1.06452e-12	0.0	398107	630957
790154	3.38948e-12	4.37507e-13	0.0	630957	1e+06
1.25231e+06	9.38323e-13	1.62828e-13	0.0	1e+06	1.58489e+06
1.98478e+06	3.52934e-13	8.55595e-14	0.0	1.58489e+06	2.51189e+06
3.14566e+06	1.02634e-13	3.40354e-14	0.0	2.51189e+06	3.98107e+06
4.98553e+06	2.6888e-14	1.51238e-14	0.0	3.98107e+06	6.30957e+06
7.90154e+06	0	0	0.0	6.30957e+06	1e+07
