12.5231	0	0	0.0	10	15.8489
19.8478	5.14172	0.00318657	0.0	15.8489	25.1189
31.4566	1.42575	0.000450613	0.0	25.1189	39.8107
49.8553	0.447793	5.03131e-05	0.0	39.8107	63.0957
79.0154	0.13436	1.79009e-05	0.0	63.0957	100
125.231	0.0385026	7.05247e-06	0.0	100	158.489
198.478	0.0108611	2.68697e-06	0.0	158.489	251.189
314.566	0.00308458	1.12276e-06	0.0	251.189	398.107
498.553	0.000900249	4.40652e-07	0.0	398.107	630.957
790.154	0.000269705	1.93025e-07	0.0	630.957	1000
1252.31	8.1332e-05	8.38299e-08	0.0	1000	1584.89
1984.78	2.46675e-05	4.3532e-08	0.0	1584.89	2511.89
3145.66	7.66343e-06	1.69139e-08	0.0	2511.89	3981.07
4985.53	2.41216e-06	8.37928e-09	0.0	3981.07	6309.57
7901.54	7.56132e-07	3.23463e-09	0.0	6309.57	10000
12523.1	2.39164e-07	1.21563e-09	0.0	10000	15848.9
19847.8	7.50531e-08	5.79549e-10	0.0	15848.9	25118.9
31456.6	2.19868e-08	2.33334e-10	0.0	25118.9	39810.7
49855.3	5.91892e-09	8.72248e-11	0.0	39810.7	63095.7
79015.4	1.58637e-09	3.68058e-11	0.0	63095.7	100000
125231	4.38753e-10	1.51139e-11	0.0	100000	158489
198478	1.27614e-10	6.16276e-12	0.0	158489	251189
314566	3.79629e-11	2.54521e-12	0.0	251189	398107
498553	1.17593e-11	1.11836e-12	0.0	398107	630957
790154	3.366e-12	4.64538e-13	0.0	630957	1e+06
1.25231e+06	9.45716e-13	1.75283e-13	0.0	1e+06	1.58489e+06
1.98478e+06	3.59109e-13	8.86539e-14	0.0	1.58489e+06	2.51189e+06
3.14566e+06	1.01306e-13	3.46734e-14	0.0	2.51189e+06	3.98107e+06
4.98553e+06	2.62233e-14	1.4744e-14	0.0	3.98107e+06	6.30957e+06
7.90154e+06	0	0	0.0	6.30957e+06	1e+07
