12.5231	0	0	0.0	10	15.8489
19.8478	4.56478	0.00484796	0.0	15.8489	25.1189
31.4566	1.44109	0.000500672	0.0	25.1189	39.8107
49.8553	0.444528	4.17551e-05	0.0	39.8107	63.0957
79.0154	0.132415	1.61736e-05	0.0	63.0957	100
125.231	0.0380473	5.93298e-06	0.0	100	158.489
198.478	0.0108171	2.20068e-06	0.0	158.489	251.189
314.566	0.00307783	9.55064e-07	0.0	251.189	398.107
498.553	0.000890676	8.37821e-07	0.0	398.107	630.957
790.154	0.000265357	2.32578e-07	0.0	630.957	1000
1252.31	8.04873e-05	1.06102e-07	0.0	1000	1584.89
1984.78	2.45277e-05	4.53238e-08	0.0	1584.89	2511.89
3145.66	7.61738e-06	1.52854e-08	0.0	2511.89	3981.07
4985.53	2.39931e-06	7.19117e-09	0.0	3981.07	6309.57
7901.54	7.52028e-07	3.09438e-09	0.0	6309.57	10000
12523.1	2.36921e-07	1.30166e-09	0.0	10000	15848.9
19847.8	7.40721e-08	5.21983e-10	0.0	15848.9	25118.9
31456.6	2.20274e-08	2.37628e-10	0.0	25118.9	39810.7
49855.3	6.11602e-09	8.47032e-11	0.0	39810.7	63095.7
79015.4	1.64544e-09	3.44852e-11	0.0	63095.7	100000
125231	4.37931e-10	1.43145e-11	0.0	100000	158489
198478	1.23748e-10	5.82938e-12	0.0	158489	251189
314566	3.70406e-11	2.2313e-12	0.0	251189	398107
498553	1.16693e-11	1.06897e-12	0.0	398107	630957
790154	3.37954e-12	4.47243e-13	0.0	630957	1e+06
1.25231e+06	9.39217e-13	1.66657e-13	0.0	1e+06	1.58489e+06
1.98478e+06	3.56285e-13	8.61455e-14	0.0	1.58489e+06	2.51189e+06
3.14566e+06	1.02901e-13	3.45412e-14	0.0	2.51189e+06	3.98107e+06
4.98553e+06	2.61151e-14	1.54193e-14	0.0	3.98107e+06	6.30957e+06
7.90154e+06	0	0	0.0	6.30957e+06	1e+07
