12.5231	0	0	0.0	10	15.8489
19.8478	4.56222	0.00486078	0.0	15.8489	25.1189
31.4566	1.43842	0.00049675	0.0	25.1189	39.8107
49.8553	0.443365	4.1514e-05	0.0	39.8107	63.0957
79.0154	0.13201	1.61417e-05	0.0	63.0957	100
125.231	0.0379323	5.9212e-06	0.0	100	158.489
198.478	0.0107839	2.19597e-06	0.0	158.489	251.189
314.566	0.0030683	9.58517e-07	0.0	251.189	398.107
498.553	0.000887938	8.41514e-07	0.0	398.107	630.957
790.154	0.000264563	2.31834e-07	0.0	630.957	1000
1252.31	8.02587e-05	1.06732e-07	0.0	1000	1584.89
1984.78	2.44597e-05	4.54385e-08	0.0	1584.89	2511.89
3145.66	7.59738e-06	1.51423e-08	0.0	2511.89	3981.07
4985.53	2.39344e-06	7.39404e-09	0.0	3981.07	6309.57
7901.54	7.50742e-07	3.04486e-09	0.0	6309.57	10000
12523.1	2.362e-07	1.31186e-09	0.0	10000	15848.9
19847.8	7.35327e-08	5.36178e-10	0.0	15848.9	25118.9
31456.6	2.16437e-08	2.43016e-10	0.0	25118.9	39810.7
49855.3	5.89665e-09	7.98915e-11	0.0	39810.7	63095.7
79015.4	1.57757e-09	3.47053e-11	0.0	63095.7	100000
125231	4.31904e-10	1.43718e-11	0.0	100000	158489
198478	1.25271e-10	5.58674e-12	0.0	158489	251189
314566	3.73828e-11	2.25875e-12	0.0	251189	398107
498553	1.1634e-11	1.07325e-12	0.0	398107	630957
790154	3.35415e-12	4.4541e-13	0.0	630957	1e+06
1.25231e+06	9.33597e-13	1.66703e-13	0.0	1e+06	1.58489e+06
1.98478e+06	3.55315e-13	8.62489e-14	0.0	1.58489e+06	2.51189e+06
3.14566e+06	1.02857e-13	3.45593e-14	0.0	2.51189e+06	3.98107e+06
4.98553e+06	2.6265e-14	1.54647e-14	0.0	3.98107e+06	6.30957e+06
7.90154e+06	0	0	0.0	6.30957e+06	1e+07
