12.5231	0	0	0.0	10	15.8489
19.8478	4.87927	0.00346219	0.0	15.8489	25.1189
31.4566	1.42871	0.000424526	0.0	25.1189	39.8107
49.8553	0.445033	4.90859e-05	0.0	39.8107	63.0957
79.0154	0.133486	1.76325e-05	0.0	63.0957	100
125.231	0.0382756	6.8362e-06	0.0	100	158.489
198.478	0.0107997	2.62174e-06	0.0	158.489	251.189
314.566	0.00306866	1.03787e-06	0.0	251.189	398.107
498.553	0.000894655	4.47883e-07	0.0	398.107	630.957
790.154	0.000267695	1.69264e-07	0.0	630.957	1000
1252.31	8.0815e-05	7.97786e-08	0.0	1000	1584.89
1984.78	2.45276e-05	3.81407e-08	0.0	1584.89	2511.89
3145.66	7.62474e-06	1.57656e-08	0.0	2511.89	3981.07
4985.53	2.40468e-06	6.73683e-09	0.0	3981.07	6309.57
7901.54	7.53254e-07	3.00815e-09	0.0	6309.57	10000
12523.1	2.38233e-07	1.39797e-09	0.0	10000	15848.9
19847.8	7.47961e-08	5.67463e-10	0.0	15848.9	25118.9
31456.6	2.20654e-08	2.10359e-10	0.0	25118.9	39810.7
49855.3	6.07851e-09	9.58163e-11	0.0	39810.7	63095.7
79015.4	1.64802e-09	3.13787e-11	0.0	63095.7	100000
125231	4.40532e-10	1.34064e-11	0.0	100000	158489
198478	1.2353e-10	5.98793e-12	0.0	158489	251189
314566	3.7271e-11	2.3021e-12	0.0	251189	398107
498553	1.18493e-11	1.07904e-12	0.0	398107	630957
790154	3.38916e-12	4.56785e-13	0.0	630957	1e+06
1.25231e+06	9.38158e-13	1.70507e-13	0.0	1e+06	1.58489e+06
1.98478e+06	3.54341e-13	8.73927e-14	0.0	1.58489e+06	2.51189e+06
3.14566e+06	1.00466e-13	3.46739e-14	0.0	2.51189e+06	3.98107e+06
4.98553e+06	2.63587e-14	1.51325e-14	0.0	3.98107e+06	6.30957e+06
7.90154e+06	0	0	0.0	6.30957e+06	1e+07
