12.5231	0	0	0.0	10	15.8489
19.8478	5.02116	0.00132206	0.0	15.8489	25.1189
31.4566	1.46484	0.00032576	0.0	25.1189	39.8107
49.8553	0.443014	4.98632e-05	0.0	39.8107	63.0957
79.0154	0.13319	1.78044e-05	0.0	63.0957	100
125.231	0.038271	7.1424e-06	0.0	100	158.489
198.478	0.0108385	2.92468e-06	0.0	158.489	251.189
314.566	0.00306969	1.19346e-06	0.0	251.189	398.107
498.553	0.000892131	4.97515e-07	0.0	398.107	630.957
790.154	0.000267601	2.1342e-07	0.0	630.957	1000
1252.31	8.09504e-05	9.28057e-08	0.0	1000	1584.89
1984.78	2.44748e-05	4.01349e-08	0.0	1584.89	2511.89
3145.66	7.61958e-06	1.76698e-08	0.0	2511.89	3981.07
4985.53	2.41612e-06	7.59785e-09	0.0	3981.07	6309.57
7901.54	7.5035e-07	3.24951e-09	0.0	6309.57	10000
12523.1	2.35514e-07	1.40947e-09	0.0	10000	15848.9
19847.8	7.47933e-08	6.16349e-10	0.0	15848.9	25118.9
31456.6	2.21583e-08	2.52033e-10	0.0	25118.9	39810.7
49855.3	5.88275e-09	1.00093e-10	0.0	39810.7	63095.7
79015.4	1.58676e-09	3.95886e-11	0.0	63095.7	100000
125231	4.36325e-10	1.58147e-11	0.0	100000	158489
198478	1.27091e-10	6.65098e-12	0.0	158489	251189
314566	3.64868e-11	2.73554e-12	0.0	251189	398107
498553	1.19045e-11	1.2381e-12	0.0	398107	630957
790154	3.45096e-12	5.16601e-13	0.0	630957	1e+06
1.25231e+06	8.04324e-13	1.80561e-13	0.0	1e+06	1.58489e+06
1.98478e+06	3.89731e-13	1.11057e-13	0.0	1.58489e+06	2.51189e+06
3.14566e+06	1.00505e-13	3.58839e-14	0.0	2.51189e+06	3.98107e+06
4.98553e+06	2.72486e-14	1.93208e-14	0.0	3.98107e+06	6.30957e+06
7.90154e+06	0	0	0.0	6.30957e+06	1e+07
