12.5231	0	0	0.0	10	15.8489
19.8478	4.28763	0.00403355	0.0	15.8489	25.1189
31.4566	1.45006	0.000192159	0.0	25.1189	39.8107
49.8553	0.442482	4.89706e-05	0.0	39.8107	63.0957
79.0154	0.132817	1.3893e-05	0.0	63.0957	100
125.231	0.0382275	1.03356e-05	0.0	100	158.489
198.478	0.0107778	2.68811e-06	0.0	158.489	251.189
314.566	0.00306064	2.39966e-06	0.0	251.189	398.107
498.553	0.000891384	7.11221e-07	0.0	398.107	630.957
790.154	0.000266182	1.84545e-07	0.0	630.957	1000
1252.31	8.0493e-05	9.17925e-08	0.0	1000	1584.89
1984.78	2.45238e-05	4.85637e-08	0.0	1584.89	2511.89
3145.66	7.61772e-06	1.75949e-08	0.0	2511.89	3981.07
4985.53	2.39663e-06	6.99471e-09	0.0	3981.07	6309.57
7901.54	7.52582e-07	2.6277e-09	0.0	6309.57	10000
12523.1	2.37394e-07	1.48707e-09	0.0	10000	15848.9
19847.8	7.40035e-08	5.04519e-10	0.0	15848.9	25118.9
31456.6	2.19857e-08	2.23505e-10	0.0	25118.9	39810.7
49855.3	6.11931e-09	1.11741e-10	0.0	39810.7	63095.7
79015.4	1.64797e-09	3.81549e-11	0.0	63095.7	100000
125231	4.38214e-10	1.46108e-11	0.0	100000	158489
198478	1.24106e-10	5.8611e-12	0.0	158489	251189
314566	3.6924e-11	2.24303e-12	0.0	251189	398107
498553	1.15516e-11	1.04612e-12	0.0	398107	630957
790154	3.41804e-12	4.36826e-13	0.0	630957	1e+06
1.25231e+06	9.51472e-13	1.65415e-13	0.0	1e+06	1.58489e+06
1.98478e+06	3.50319e-13	8.52639e-14	0.0	1.58489e+06	2.51189e+06
3.14566e+06	1.02031e-13	3.4162e-14	0.0	2.51189e+06	3.98107e+06
4.98553e+06	2.64158e-14	1.56105e-14	0.0	3.98107e+06	6.30957e+06
7.90154e+06	0	0	0.0	6.30957e+06	1e+07
