12.5231	0	0	0.0	10	15.8489
19.8478	4.56721	0.00483602	0.0	15.8489	25.1189
31.4566	1.44373	0.000504938	0.0	25.1189	39.8107
49.8553	0.445688	4.20015e-05	0.0	39.8107	63.0957
79.0154	0.132819	1.62228e-05	0.0	63.0957	100
125.231	0.0381626	5.95936e-06	0.0	100	158.489
198.478	0.0108503	2.21468e-06	0.0	158.489	251.189
314.566	0.0030874	9.63978e-07	0.0	251.189	398.107
498.553	0.000893427	8.50328e-07	0.0	398.107	630.957
790.154	0.000266148	2.33523e-07	0.0	630.957	1000
1252.31	8.07091e-05	1.07235e-07	0.0	1000	1584.89
1984.78	2.45914e-05	4.56774e-08	0.0	1584.89	2511.89
3145.66	7.63774e-06	1.51723e-08	0.0	2511.89	3981.07
4985.53	2.40613e-06	7.40636e-09	0.0	3981.07	6309.57
7901.54	7.54649e-07	3.05497e-09	0.0	6309.57	10000
12523.1	2.37425e-07	1.31473e-09	0.0	10000	15848.9
19847.8	7.39473e-08	5.38341e-10	0.0	15848.9	25118.9
31456.6	2.17815e-08	2.43921e-10	0.0	25118.9	39810.7
49855.3	5.93522e-09	8.00037e-11	0.0	39810.7	63095.7
79015.4	1.58755e-09	3.4811e-11	0.0	63095.7	100000
125231	4.34575e-10	1.4426e-11	0.0	100000	158489
198478	1.26015e-10	5.60691e-12	0.0	158489	251189
314566	3.75945e-11	2.2696e-12	0.0	251189	398107
498553	1.16944e-11	1.07574e-12	0.0	398107	630957
790154	3.37393e-12	4.46277e-13	0.0	630957	1e+06
1.25231e+06	9.39773e-13	1.67483e-13	0.0	1e+06	1.58489e+06
1.98478e+06	3.57537e-13	8.62982e-14	0.0	1.58489e+06	2.51189e+06
3.14566e+06	1.03394e-13	3.4504e-14	0.0	2.51189e+06	3.98107e+06
4.98553e+06	2.59902e-14	1.53774e-14	0.0	3.98107e+06	6.30957e+06
7.90154e+06	0	0	0.0	6.30957e+06	1e+07
