12.5231	0	0	0.0	10	15.8489
19.8478	4.56961	0.00482426	0.0	15.8489	25.1189
31.4566	1.44633	0.000508802	0.0	25.1189	39.8107
49.8553	0.446846	4.22418e-05	0.0	39.8107	63.0957
79.0154	0.133225	1.62605e-05	0.0	63.0957	100
125.231	0.038278	5.97072e-06	0.0	100	158.489
198.478	0.0108836	2.21734e-06	0.0	158.489	251.189
314.566	0.00309697	9.61773e-07	0.0	251.189	398.107
498.553	0.000896175	8.48616e-07	0.0	398.107	630.957
790.154	0.000266946	2.34776e-07	0.0	630.957	1000
1252.31	8.09384e-05	1.0663e-07	0.0	1000	1584.89
1984.78	2.46595e-05	4.56253e-08	0.0	1584.89	2511.89
3145.66	7.65776e-06	1.53291e-08	0.0	2511.89	3981.07
4985.53	2.41202e-06	7.20088e-09	0.0	3981.07	6309.57
7901.54	7.55925e-07	3.10385e-09	0.0	6309.57	10000
12523.1	2.38147e-07	1.30317e-09	0.0	10000	15848.9
19847.8	7.44856e-08	5.23784e-10	0.0	15848.9	25118.9
31456.6	2.21636e-08	2.37823e-10	0.0	25118.9	39810.7
49855.3	6.15457e-09	8.49908e-11	0.0	39810.7	63095.7
79015.4	1.65563e-09	3.46346e-11	0.0	63095.7	100000
125231	4.40661e-10	1.43588e-11	0.0	100000	158489
198478	1.245e-10	5.84928e-12	0.0	158489	251189
314566	3.72504e-11	2.24077e-12	0.0	251189	398107
498553	1.17265e-11	1.07026e-12	0.0	398107	630957
790154	3.39721e-12	4.4833e-13	0.0	630957	1e+06
1.25231e+06	9.45753e-13	1.67487e-13	0.0	1e+06	1.58489e+06
1.98478e+06	3.59256e-13	8.61949e-14	0.0	1.58489e+06	2.51189e+06
3.14566e+06	1.0365e-13	3.4492e-14	0.0	2.51189e+06	3.98107e+06
4.98553e+06	2.5777e-14	1.53355e-14	0.0	3.98107e+06	6.30957e+06
7.90154e+06	0	0	0.0	6.30957e+06	1e+07
