12.5231	0	0	0.0	10	15.8489
19.8478	4.29004	0.00401743	0.0	15.8489	25.1189
31.4566	1.45356	0.000192825	0.0	25.1189	39.8107
49.8553	0.443619	4.91189e-05	0.0	39.8107	63.0957
79.0154	0.133199	1.38294e-05	0.0	63.0957	100
125.231	0.0383447	1.01484e-05	0.0	100	158.489
198.478	0.0108128	2.6865e-06	0.0	158.489	251.189
314.566	0.0030704	2.34213e-06	0.0	251.189	398.107
498.553	0.000894106	6.97557e-07	0.0	398.107	630.957
790.154	0.000266962	1.85788e-07	0.0	630.957	1000
1252.31	8.07173e-05	9.03458e-08	0.0	1000	1584.89
1984.78	2.45899e-05	4.72592e-08	0.0	1584.89	2511.89
3145.66	7.63783e-06	1.75285e-08	0.0	2511.89	3981.07
4985.53	2.40308e-06	6.94378e-09	0.0	3981.07	6309.57
7901.54	7.54617e-07	2.62547e-09	0.0	6309.57	10000
12523.1	2.38001e-07	1.48828e-09	0.0	10000	15848.9
19847.8	7.41931e-08	5.04775e-10	0.0	15848.9	25118.9
31456.6	2.20511e-08	2.23896e-10	0.0	25118.9	39810.7
49855.3	6.13969e-09	1.11879e-10	0.0	39810.7	63095.7
79015.4	1.65341e-09	3.82373e-11	0.0	63095.7	100000
125231	4.39554e-10	1.46461e-11	0.0	100000	158489
198478	1.24466e-10	5.87187e-12	0.0	158489	251189
314566	3.70296e-11	2.24761e-12	0.0	251189	398107
498553	1.15827e-11	1.04776e-12	0.0	398107	630957
790154	3.42843e-12	4.37267e-13	0.0	630957	1e+06
1.25231e+06	9.54279e-13	1.65751e-13	0.0	1e+06	1.58489e+06
1.98478e+06	3.51344e-13	8.52343e-14	0.0	1.58489e+06	2.51189e+06
3.14566e+06	1.0236e-13	3.41187e-14	0.0	2.51189e+06	3.98107e+06
4.98553e+06	2.62469e-14	1.55647e-14	0.0	3.98107e+06	6.30957e+06
7.90154e+06	0	0	0.0	6.30957e+06	1e+07
