12.5231	0	0	0.0	10	15.8489
19.8478	5.02559	0.00130483	0.0	15.8489	25.1189
31.4566	1.46729	0.00032022	0.0	25.1189	39.8107
49.8553	0.444873	4.93918e-05	0.0	39.8107	63.0957
79.0154	0.132374	1.3609e-05	0.0	63.0957	100
125.231	0.0381734	5.60402e-06	0.0	100	158.489
198.478	0.0108694	2.41866e-06	0.0	158.489	251.189
314.566	0.00309345	8.40176e-07	0.0	251.189	398.107
498.553	0.000895224	6.66146e-07	0.0	398.107	630.957
790.154	0.00026622	2.11635e-07	0.0	630.957	1000
1252.31	8.0524e-05	8.87603e-08	0.0	1000	1584.89
1984.78	2.45427e-05	3.85291e-08	0.0	1584.89	2511.89
3145.66	7.63285e-06	1.46054e-08	0.0	2511.89	3981.07
4985.53	2.40539e-06	6.56655e-09	0.0	3981.07	6309.57
7901.54	7.53449e-07	2.83289e-09	0.0	6309.57	10000
12523.1	2.37206e-07	1.20889e-09	0.0	10000	15848.9
19847.8	7.42242e-08	4.95131e-10	0.0	15848.9	25118.9
31456.6	2.21211e-08	2.13232e-10	0.0	25118.9	39810.7
49855.3	6.16305e-09	8.30139e-11	0.0	39810.7	63095.7
79015.4	1.66248e-09	3.26617e-11	0.0	63095.7	100000
125231	4.41298e-10	1.33335e-11	0.0	100000	158489
198478	1.24082e-10	5.47733e-12	0.0	158489	251189
314566	3.69831e-11	2.09952e-12	0.0	251189	398107
498553	1.16544e-11	1.00493e-12	0.0	398107	630957
790154	3.3989e-12	4.11323e-13	0.0	630957	1e+06
1.25231e+06	9.35394e-13	1.54431e-13	0.0	1e+06	1.58489e+06
1.98478e+06	3.48817e-13	8.3647e-14	0.0	1.58489e+06	2.51189e+06
3.14566e+06	1.02465e-13	3.27359e-14	0.0	2.51189e+06	3.98107e+06
4.98553e+06	2.75705e-14	1.44385e-14	0.0	3.98107e+06	6.30957e+06
7.90154e+06	0	0	0.0	6.30957e+06	1e+07
