12.5231	0	0	0.0	10	15.8489
19.8478	5.02559	0.00130483	0.0	15.8489	25.1189
31.4566	1.46729	0.00032022	0.0	25.1189	39.8107
49.8553	0.444873	4.93915e-05	0.0	39.8107	63.0957
79.0154	0.132374	1.36084e-05	0.0	63.0957	100
125.231	0.0381734	5.60098e-06	0.0	100	158.489
198.478	0.0108694	2.41025e-06	0.0	158.489	251.189
314.566	0.00309345	8.3952e-07	0.0	251.189	398.107
498.553	0.000895225	6.61621e-07	0.0	398.107	630.957
790.154	0.00026622	2.112e-07	0.0	630.957	1000
1252.31	8.0522e-05	8.84648e-08	0.0	1000	1584.89
1984.78	2.4541e-05	3.84883e-08	0.0	1584.89	2511.89
3145.66	7.63362e-06	1.45136e-08	0.0	2511.89	3981.07
4985.53	2.40611e-06	6.64693e-09	0.0	3981.07	6309.57
7901.54	7.53853e-07	2.85539e-09	0.0	6309.57	10000
12523.1	2.36964e-07	1.23675e-09	0.0	10000	15848.9
19847.8	7.39082e-08	5.02104e-10	0.0	15848.9	25118.9
31456.6	2.18255e-08	2.28287e-10	0.0	25118.9	39810.7
49855.3	5.9694e-09	7.86631e-11	0.0	39810.7	63095.7
79015.4	1.59963e-09	3.23326e-11	0.0	63095.7	100000
125231	4.35672e-10	1.33795e-11	0.0	100000	158489
198478	1.25524e-10	5.35196e-12	0.0	158489	251189
314566	3.74329e-11	2.12736e-12	0.0	251189	398107
498553	1.1699e-11	1.0129e-12	0.0	398107	630957
790154	3.39506e-12	4.11195e-13	0.0	630957	1e+06
1.25231e+06	9.33339e-13	1.54588e-13	0.0	1e+06	1.58489e+06
1.98478e+06	3.48396e-13	8.36478e-14	0.0	1.58489e+06	2.51189e+06
3.14566e+06	1.0239e-13	3.27272e-14	0.0	2.51189e+06	3.98107e+06
4.98553e+06	2.75605e-14	1.44389e-14	0.0	3.98107e+06	6.30957e+06
7.90154e+06	0	0	0.0	6.30957e+06	1e+07
