12.5231	0	0	0.0	10	15.8489
19.8478	4.56224	0.00485558	0.0	15.8489	25.1189
31.4566	1.43842	0.000496577	0.0	25.1189	39.8107
49.8553	0.443365	4.15148e-05	0.0	39.8107	63.0957
79.0154	0.132011	1.61309e-05	0.0	63.0957	100
125.231	0.0379323	5.91178e-06	0.0	100	158.489
198.478	0.0107839	2.18899e-06	0.0	158.489	251.189
314.566	0.00306828	9.51846e-07	0.0	251.189	398.107
498.553	0.000887935	8.32707e-07	0.0	398.107	630.957
790.154	0.000264566	2.31878e-07	0.0	630.957	1000
1252.31	8.02623e-05	1.05672e-07	0.0	1000	1584.89
1984.78	2.44618e-05	4.51668e-08	0.0	1584.89	2511.89
3145.66	7.5972e-06	1.52638e-08	0.0	2511.89	3981.07
4985.53	2.39296e-06	7.1856e-09	0.0	3981.07	6309.57
7901.54	7.50081e-07	3.08991e-09	0.0	6309.57	10000
12523.1	2.36308e-07	1.30048e-09	0.0	10000	15848.9
19847.8	7.38653e-08	5.2144e-10	0.0	15848.9	25118.9
31456.6	2.19593e-08	2.37572e-10	0.0	25118.9	39810.7
49855.3	6.09677e-09	8.4536e-11	0.0	39810.7	63095.7
79015.4	1.64037e-09	3.44279e-11	0.0	63095.7	100000
125231	4.36585e-10	1.42881e-11	0.0	100000	158489
198478	1.23376e-10	5.81755e-12	0.0	158489	251189
314566	3.69344e-11	2.2262e-12	0.0	251189	398107
498553	1.16393e-11	1.0681e-12	0.0	398107	630957
790154	3.36968e-12	4.4682e-13	0.0	630957	1e+06
1.25231e+06	9.36123e-13	1.6626e-13	0.0	1e+06	1.58489e+06
1.98478e+06	3.55173e-13	8.61393e-14	0.0	1.58489e+06	2.51189e+06
3.14566e+06	1.02635e-13	3.45747e-14	0.0	2.51189e+06	3.98107e+06
4.98553e+06	2.62531e-14	1.54635e-14	0.0	3.98107e+06	6.30957e+06
7.90154e+06	0	0	0.0	6.30957e+06	1e+07
