12.5231	0	0	0.0	10	15.8489
19.8478	4.28763	0.00403185	0.0	15.8489	25.1189
31.4566	1.45006	0.000192087	0.0	25.1189	39.8107
49.8553	0.442482	4.88752e-05	0.0	39.8107	63.0957
79.0154	0.132817	1.3887e-05	0.0	63.0957	100
125.231	0.0382276	1.02249e-05	0.0	100	158.489
198.478	0.0107777	2.69e-06	0.0	158.489	251.189
314.566	0.00306051	2.36416e-06	0.0	251.189	398.107
498.553	0.0008914	6.97041e-07	0.0	398.107	630.957
790.154	0.000266226	1.87776e-07	0.0	630.957	1000
1252.31	8.05066e-05	9.26125e-08	0.0	1000	1584.89
1984.78	2.45246e-05	4.98714e-08	0.0	1584.89	2511.89
3145.66	7.6141e-06	1.74671e-08	0.0	2511.89	3981.07
4985.53	2.39209e-06	6.77906e-09	0.0	3981.07	6309.57
7901.54	7.52754e-07	2.76172e-09	0.0	6309.57	10000
12523.1	2.38548e-07	1.27018e-09	0.0	10000	15848.9
19847.8	7.4234e-08	5.0438e-10	0.0	15848.9	25118.9
31456.6	2.16502e-08	2.17051e-10	0.0	25118.9	39810.7
49855.3	5.85747e-09	9.77407e-11	0.0	39810.7	63095.7
79015.4	1.57495e-09	3.55917e-11	0.0	63095.7	100000
125231	4.35128e-10	1.41969e-11	0.0	100000	158489
198478	1.26783e-10	5.76624e-12	0.0	158489	251189
314566	3.74268e-11	2.23882e-12	0.0	251189	398107
498553	1.15117e-11	1.04868e-12	0.0	398107	630957
790154	3.39436e-12	4.35424e-13	0.0	630957	1e+06
1.25231e+06	9.48486e-13	1.65204e-13	0.0	1e+06	1.58489e+06
1.98478e+06	3.50166e-13	8.52596e-14	0.0	1.58489e+06	2.51189e+06
3.14566e+06	1.0226e-13	3.41273e-14	0.0	2.51189e+06	3.98107e+06
4.98553e+06	2.6465e-14	1.56048e-14	0.0	3.98107e+06	6.30957e+06
7.90154e+06	0	0	0.0	6.30957e+06	1e+07
