12.5231	0	0	0.0	10	15.8489
19.8478	5.02116	0.00132206	0.0	15.8489	25.1189
31.4566	1.46484	0.00032576	0.0	25.1189	39.8107
49.8553	0.443014	4.98632e-05	0.0	39.8107	63.0957
79.0154	0.13319	1.78044e-05	0.0	63.0957	100
125.231	0.038271	7.1424e-06	0.0	100	158.489
198.478	0.0108385	2.92468e-06	0.0	158.489	251.189
314.566	0.00306969	1.19346e-06	0.0	251.189	398.107
498.553	0.00089213	4.97515e-07	0.0	398.107	630.957
790.154	0.000267601	2.1342e-07	0.0	630.957	1000
1252.31	8.09509e-05	9.28059e-08	0.0	1000	1584.89
1984.78	2.44751e-05	4.01351e-08	0.0	1584.89	2511.89
3145.66	7.61927e-06	1.76696e-08	0.0	2511.89	3981.07
4985.53	2.41557e-06	7.59723e-09	0.0	3981.07	6309.57
7901.54	7.50862e-07	3.25027e-09	0.0	6309.57	10000
12523.1	2.36154e-07	1.41489e-09	0.0	10000	15848.9
19847.8	7.47544e-08	6.14116e-10	0.0	15848.9	25118.9
31456.6	2.23207e-08	2.50428e-10	0.0	25118.9	39810.7
49855.3	6.09759e-09	1.01088e-10	0.0	39810.7	63095.7
79015.4	1.66471e-09	3.99321e-11	0.0	63095.7	100000
125231	4.40538e-10	1.5891e-11	0.0	100000	158489
198478	1.25054e-10	6.58055e-12	0.0	158489	251189
314566	3.61681e-11	2.72578e-12	0.0	251189	398107
498553	1.19017e-11	1.23813e-12	0.0	398107	630957
790154	3.45271e-12	5.16683e-13	0.0	630957	1e+06
1.25231e+06	8.04433e-13	1.80606e-13	0.0	1e+06	1.58489e+06
1.98478e+06	3.89836e-13	1.11084e-13	0.0	1.58489e+06	2.51189e+06
3.14566e+06	1.00532e-13	3.58899e-14	0.0	2.51189e+06	3.98107e+06
4.98553e+06	2.7254e-14	1.93231e-14	0.0	3.98107e+06	6.30957e+06
7.90154e+06	0	0	0.0	6.30957e+06	1e+07
