12.5231	0	0	0.0	10	15.8489
19.8478	4.76822	0.00240642	0.0	15.8489	25.1189
31.4566	1.40574	0.000567323	0.0	25.1189	39.8107
49.8553	0.443695	6.28831e-05	0.0	39.8107	63.0957
79.0154	0.135291	2.73121e-05	0.0	63.0957	100
125.231	0.0378961	1.07413e-05	0.0	100	158.489
198.478	0.010824	4.51348e-06	0.0	158.489	251.189
314.566	0.00305948	1.85296e-06	0.0	251.189	398.107
498.553	0.000891353	7.82325e-07	0.0	398.107	630.957
790.154	0.00026965	3.41611e-07	0.0	630.957	1000
1252.31	8.13503e-05	1.49138e-07	0.0	1000	1584.89
1984.78	2.42087e-05	6.45711e-08	0.0	1584.89	2511.89
3145.66	7.62582e-06	2.89935e-08	0.0	2511.89	3981.07
4985.53	2.44795e-06	1.2555e-08	0.0	3981.07	6309.57
7901.54	7.42982e-07	5.35079e-09	0.0	6309.57	10000
12523.1	2.34277e-07	2.32993e-09	0.0	10000	15848.9
19847.8	7.59703e-08	1.02176e-09	0.0	15848.9	25118.9
31456.6	2.25846e-08	4.14921e-10	0.0	25118.9	39810.7
49855.3	5.88607e-09	1.64584e-10	0.0	39810.7	63095.7
79015.4	1.67504e-09	6.6721e-11	0.0	63095.7	100000
125231	4.3263e-10	2.63627e-11	0.0	100000	158489
198478	1.27722e-10	1.10679e-11	0.0	158489	251189
314566	3.47403e-11	4.50826e-12	0.0	251189	398107
498553	1.29131e-11	2.11711e-12	0.0	398107	630957
790154	3.59295e-12	8.7224e-13	0.0	630957	1e+06
1.25231e+06	4.91159e-13	2.38719e-13	0.0	1e+06	1.58489e+06
1.98478e+06	5.10191e-13	1.85195e-13	0.0	1.58489e+06	2.51189e+06
3.14566e+06	8.53693e-14	5.29433e-14	0.0	2.51189e+06	3.98107e+06
4.98553e+06	2.4794e-14	2.56228e-14	0.0	3.98107e+06	6.30957e+06
7.90154e+06	0	0	0.0	6.30957e+06	1e+07
