12.5231	0	0	0.0	10	15.8489
19.8478	4.29005	0.00401631	0.0	15.8489	25.1189
31.4566	1.45356	0.00019285	0.0	25.1189	39.8107
49.8553	0.443619	4.90741e-05	0.0	39.8107	63.0957
79.0154	0.133199	1.38748e-05	0.0	63.0957	100
125.231	0.0383448	1.0086e-05	0.0	100	158.489
198.478	0.0108126	2.69286e-06	0.0	158.489	251.189
314.566	0.00307026	2.33952e-06	0.0	251.189	398.107
498.553	0.000894122	6.87482e-07	0.0	398.107	630.957
790.154	0.000267008	1.88941e-07	0.0	630.957	1000
1252.31	8.07316e-05	9.11494e-08	0.0	1000	1584.89
1984.78	2.45908e-05	4.85968e-08	0.0	1584.89	2511.89
3145.66	7.63423e-06	1.73958e-08	0.0	2511.89	3981.07
4985.53	2.39835e-06	6.74868e-09	0.0	3981.07	6309.57
7901.54	7.54737e-07	2.76178e-09	0.0	6309.57	10000
12523.1	2.39186e-07	1.28398e-09	0.0	10000	15848.9
19847.8	7.44424e-08	5.04546e-10	0.0	15848.9	25118.9
31456.6	2.17175e-08	2.18134e-10	0.0	25118.9	39810.7
49855.3	5.87641e-09	9.85126e-11	0.0	39810.7	63095.7
79015.4	1.57993e-09	3.57027e-11	0.0	63095.7	100000
125231	4.36477e-10	1.42289e-11	0.0	100000	158489
198478	1.27155e-10	5.77619e-12	0.0	158489	251189
314566	3.75315e-11	2.24166e-12	0.0	251189	398107
498553	1.15424e-11	1.04996e-12	0.0	398107	630957
790154	3.40478e-12	4.36086e-13	0.0	630957	1e+06
1.25231e+06	9.51321e-13	1.65566e-13	0.0	1e+06	1.58489e+06
1.98478e+06	3.5121e-13	8.52868e-14	0.0	1.58489e+06	2.51189e+06
3.14566e+06	1.0259e-13	3.40993e-14	0.0	2.51189e+06	3.98107e+06
4.98553e+06	2.62928e-14	1.55599e-14	0.0	3.98107e+06	6.30957e+06
7.90154e+06	0	0	0.0	6.30957e+06	1e+07
