12.5231	0	0	0.0	10	15.8489
19.8478	5.12779	0.00317049	0.0	15.8489	25.1189
31.4566	1.42092	0.000444931	0.0	25.1189	39.8107
49.8553	0.445521	4.99818e-05	0.0	39.8107	63.0957
79.0154	0.133549	1.78114e-05	0.0	63.0957	100
125.231	0.038269	7.03338e-06	0.0	100	158.489
198.478	0.0107932	2.67603e-06	0.0	158.489	251.189
314.566	0.00306528	1.11876e-06	0.0	251.189	398.107
498.553	0.000894732	4.41295e-07	0.0	398.107	630.957
790.154	0.000268107	1.90896e-07	0.0	630.957	1000
1252.31	8.09068e-05	8.51985e-08	0.0	1000	1584.89
1984.78	2.45295e-05	4.51442e-08	0.0	1584.89	2511.89
3145.66	7.61619e-06	1.68692e-08	0.0	2511.89	3981.07
4985.53	2.40074e-06	9.1096e-09	0.0	3981.07	6309.57
7901.54	7.53337e-07	3.2474e-09	0.0	6309.57	10000
12523.1	2.3824e-07	1.22095e-09	0.0	10000	15848.9
19847.8	7.4788e-08	5.89088e-10	0.0	15848.9	25118.9
31456.6	2.21491e-08	2.34621e-10	0.0	25118.9	39810.7
49855.3	6.09863e-09	9.13332e-11	0.0	39810.7	63095.7
79015.4	1.63838e-09	3.65498e-11	0.0	63095.7	100000
125231	4.38222e-10	1.50448e-11	0.0	100000	158489
198478	1.24624e-10	6.17211e-12	0.0	158489	251189
314566	3.74377e-11	2.52696e-12	0.0	251189	398107
498553	1.17356e-11	1.1225e-12	0.0	398107	630957
790154	3.35619e-12	4.63915e-13	0.0	630957	1e+06
1.25231e+06	9.40543e-13	1.7405e-13	0.0	1e+06	1.58489e+06
1.98478e+06	3.57976e-13	8.85094e-14	0.0	1.58489e+06	2.51189e+06
3.14566e+06	1.01069e-13	3.46702e-14	0.0	2.51189e+06	3.98107e+06
4.98553e+06	2.63571e-14	1.48088e-14	0.0	3.98107e+06	6.30957e+06
7.90154e+06	0	0	0.0	6.30957e+06	1e+07
