12.5231	0	0	0.0	10	15.8489
19.8478	4.96047	0.00154014	0.0	15.8489	25.1189
31.4566	1.45044	0.000374688	0.0	25.1189	39.8107
49.8553	0.442776	5.22501e-05	0.0	39.8107	63.0957
79.0154	0.133782	2.00232e-05	0.0	63.0957	100
125.231	0.0382569	7.91547e-06	0.0	100	158.489
198.478	0.01082	3.25478e-06	0.0	158.489	251.189
314.566	0.00306267	1.32945e-06	0.0	251.189	398.107
498.553	0.000891515	5.56001e-07	0.0	398.107	630.957
790.154	0.000268248	2.39337e-07	0.0	630.957	1000
1252.31	8.11394e-05	1.04172e-07	0.0	1000	1584.89
1984.78	2.44396e-05	4.49727e-08	0.0	1584.89	2511.89
3145.66	7.6196e-06	1.98889e-08	0.0	2511.89	3981.07
4985.53	2.4228e-06	8.55783e-09	0.0	3981.07	6309.57
7901.54	7.492e-07	3.65721e-09	0.0	6309.57	10000
12523.1	2.35049e-07	1.5856e-09	0.0	10000	15848.9
19847.8	7.51611e-08	6.96105e-10	0.0	15848.9	25118.9
31456.6	2.22439e-08	2.83876e-10	0.0	25118.9	39810.7
49855.3	5.81918e-09	1.12496e-10	0.0	39810.7	63095.7
79015.4	1.57464e-09	4.45434e-11	0.0	63095.7	100000
125231	4.34863e-10	1.78696e-11	0.0	100000	158489
198478	1.27845e-10	7.54004e-12	0.0	158489	251189
314566	3.63479e-11	3.09358e-12	0.0	251189	398107
498553	1.21251e-11	1.40815e-12	0.0	398107	630957
790154	3.48218e-12	5.8708e-13	0.0	630957	1e+06
1.25231e+06	7.4628e-13	1.97093e-13	0.0	1e+06	1.58489e+06
1.98478e+06	4.09866e-13	1.26333e-13	0.0	1.58489e+06	2.51189e+06
3.14566e+06	9.96236e-14	3.92322e-14	0.0	2.51189e+06	3.98107e+06
4.98553e+06	2.66199e-14	2.13632e-14	0.0	3.98107e+06	6.30957e+06
7.90154e+06	0	0	0.0	6.30957e+06	1e+07
