12.5231	0	0	0.0	10	15.8489
19.8478	4.1424	0.00276467	0.0	15.8489	25.1189
31.4566	1.42867	0.000399236	0.0	25.1189	39.8107
49.8553	0.444526	4.90989e-05	0.0	39.8107	63.0957
79.0154	0.133685	1.77611e-05	0.0	63.0957	100
125.231	0.038308	6.73515e-06	0.0	100	158.489
198.478	0.0107908	2.70807e-06	0.0	158.489	251.189
314.566	0.00306285	1.0623e-06	0.0	251.189	398.107
498.553	0.000893479	4.28449e-07	0.0	398.107	630.957
790.154	0.000267955	1.81033e-07	0.0	630.957	1000
1252.31	8.09733e-05	7.81215e-08	0.0	1000	1584.89
1984.78	2.4561e-05	3.17907e-08	0.0	1584.89	2511.89
3145.66	7.62625e-06	1.43139e-08	0.0	2511.89	3981.07
4985.53	2.40491e-06	6.76172e-09	0.0	3981.07	6309.57
7901.54	7.53078e-07	2.80197e-09	0.0	6309.57	10000
12523.1	2.36861e-07	1.34198e-09	0.0	10000	15848.9
19847.8	7.42655e-08	5.2045e-10	0.0	15848.9	25118.9
31456.6	2.18815e-08	2.25713e-10	0.0	25118.9	39810.7
49855.3	5.91072e-09	9.34993e-11	0.0	39810.7	63095.7
79015.4	1.58292e-09	3.58666e-11	0.0	63095.7	100000
125231	4.37126e-10	1.46181e-11	0.0	100000	158489
198478	1.26495e-10	5.81962e-12	0.0	158489	251189
314566	3.72038e-11	2.35729e-12	0.0	251189	398107
498553	1.15251e-11	1.05514e-12	0.0	398107	630957
790154	3.42134e-12	4.21717e-13	0.0	630957	1e+06
1.25231e+06	9.61819e-13	1.6413e-13	0.0	1e+06	1.58489e+06
1.98478e+06	3.56087e-13	8.4263e-14	0.0	1.58489e+06	2.51189e+06
3.14566e+06	1.03408e-13	3.3818e-14	0.0	2.51189e+06	3.98107e+06
4.98553e+06	2.57953e-14	1.58561e-14	0.0	3.98107e+06	6.30957e+06
7.90154e+06	0	0	0.0	6.30957e+06	1e+07
