12.5231	0	0	0.0	10	15.8489
19.8478	5.14173	0.00318648	0.0	15.8489	25.1189
31.4566	1.42575	0.000450609	0.0	25.1189	39.8107
49.8553	0.447792	5.03125e-05	0.0	39.8107	63.0957
79.0154	0.13436	1.79037e-05	0.0	63.0957	100
125.231	0.0385026	7.05142e-06	0.0	100	158.489
198.478	0.0108611	2.68785e-06	0.0	158.489	251.189
314.566	0.00308457	1.12414e-06	0.0	251.189	398.107
498.553	0.000900207	4.42344e-07	0.0	398.107	630.957
790.154	0.000269693	1.93906e-07	0.0	630.957	1000
1252.31	8.13579e-05	8.5699e-08	0.0	1000	1584.89
1984.78	2.46849e-05	4.52894e-08	0.0	1584.89	2511.89
3145.66	7.65765e-06	1.69802e-08	0.0	2511.89	3981.07
4985.53	2.40632e-06	9.12296e-09	0.0	3981.07	6309.57
7901.54	7.55836e-07	3.24991e-09	0.0	6309.57	10000
12523.1	2.39822e-07	1.22726e-09	0.0	10000	15848.9
19847.8	7.53193e-08	5.91106e-10	0.0	15848.9	25118.9
31456.6	2.22973e-08	2.35144e-10	0.0	25118.9	39810.7
49855.3	6.1387e-09	9.1732e-11	0.0	39810.7	63095.7
79015.4	1.6487e-09	3.66901e-11	0.0	63095.7	100000
125231	4.40846e-10	1.50919e-11	0.0	100000	158489
198478	1.25345e-10	6.1891e-12	0.0	158489	251189
314566	3.76551e-11	2.53544e-12	0.0	251189	398107
498553	1.18037e-11	1.12412e-12	0.0	398107	630957
790154	3.37982e-12	4.65486e-13	0.0	630957	1e+06
1.25231e+06	9.46169e-13	1.74814e-13	0.0	1e+06	1.58489e+06
1.98478e+06	3.58871e-13	8.85265e-14	0.0	1.58489e+06	2.51189e+06
3.14566e+06	1.01232e-13	3.46598e-14	0.0	2.51189e+06	3.98107e+06
4.98553e+06	2.62062e-14	1.4738e-14	0.0	3.98107e+06	6.30957e+06
7.90154e+06	0	0	0.0	6.30957e+06	1e+07
