# Emin (GeV)	Emax (GeV)	Emean (GeV)	Flux	Stat_err	Sys_HET	Sys_STKtrack	Sys_ChargeSel	Sys_unfolding	Sys_pHe_mix	Sys_ana	Sys_had	Sys_tot
39.8107	63.0957	49.8553	0.445688	4.20E-05	0.05	0.025	9.79E-03	0.009756528457	0.004877851771	0.05779151128	0.15	0.1607478111
63.0957	100	79.0154	0.132819	1.62E-05	0.05	0.025	9.25E-03	0.01207636864	0.00770221128	0.05844471183	0.15	0.1609838015
100	158.489	125.231	0.0381626	5.96E-06	0.05	0.025	8.63E-03	0.009351099518	0.009307541939	0.05808171425	0.12	0.1333172364
158.489	251.189	198.478	0.0108503	2.21E-06	0.05	0.025	8.06E-03	0.01180903853	0.01078311199	0.05869934546	0.12	0.1335874738
251.189	398.107	314.566	0.0030874	9.64E-07	0.05	0.025	7.81E-03	0.01529953895	0.01375915009	0.06007847933	0.1	0.1166594346
398.107	630.957	498.553	0.000893427	8.50E-07	0.05	0.025	7.50E-03	0.007896521971	0.01656878514	0.05931400751	0.1	0.1162675857
630.957	1000	790.154	0.000266148	2.34E-07	0.05	0.025	7.47E-03	0.01443675611	0.01628041541	0.06045005863	0.1	0.1168512284
1000	1584.89	1252.31	8.07E-05	1.07E-07	0.05	0.025	7.44E-03	0.008276693744	0.01229848927	0.05831097583	0.1	0.1157591029
1584.89	2511.89	1984.78	2.46E-05	4.57E-08	0.05	0.025	7.32E-03	0.008143020045	0.01062973235	0.05794719147	0.12	0.1332586845
2511.89	3981.07	3145.66	7.64E-06	1.52E-08	0.05	0.025	7.36E-03	0.007199170624	0.009852390891	0.05768950998	0.12	0.1331468346
3981.07	6309.57	4985.53	2.41E-06	7.41E-09	0.05	0.025	7.11E-03	0.007161470912	0.005839252243	0.05710472756	0.12	0.1328945067
6309.57	10000	7901.54	7.55E-07	3.05E-09	0.05	0.025	6.30E-03	0.009238898364	0.001464256893	0.05702764274	0.12	0.1328614016
10000	15848.9	12523.1	2.37E-07	1.31E-09	0.05	0.025	6.37E-03	0.01099670623	0.01148152048	0.05846628136	0.12	0.1334852279
15848.9	25118.9	19847.8	7.39E-08	5.38E-10	0.05	0.025	7.51E-03	0.01882834176	0.01993446684	0.06271616743	0.12	0.1354005822
25118.9	39810.7	31456.6	2.18E-08	2.44E-10	0.05	0.025	8.43E-03	0.01970019268	0.01948442486	0.06295862192	0.12	0.135513055
39810.7	63095.7	49855.3	5.94E-09	8.00E-11	0.05	0.025	8.90E-03	0.01580374374	0.007393154761	0.05923436627	0.12	0.133823429
63095.7	100000	79015.4	1.59E-09	3.48E-11	0.05	0.025	8.88E-03	0.01204834338	0.01253503827	0.05921207512	0.14	0.1520068085
100000	158489	125231	4.35E-10	1.44E-11	0.05	0.025	9.52E-03	0.01042328587	0.03036760053	0.06516524658	0.166	0.1783325808
158489	251189	198478	1.26E-10	5.61E-12	0.05	0.025	1.16E-02	0.01529443057	0.03508312502	0.0687271983	0.166	0.179664765
251189	398107	314566	3.76E-11	2.27E-12	0.05	0.025	1.50E-02	0.03342591565	0.02546383115	0.07152843764	0.166	0.1807548544
398107	630957	498553	1.17E-11	1.08E-12	0.05	0.025	0.01752960794	0.02767659572	0.01241619921	0.06597304834	0.166	0.1786293456
630957	1.00E+06	790154	3.37E-12	4.46E-13	0.05	0.025	0.02164834481	0.02495600068	0.0092414484	0.06558854451	0.166	0.1784876947
