# E_min(GeV) E_max(GeV) E_mean(GeV) Flux Stat_err Sys_HET Sys_STKtrack Sys_ChargeSel Sys_unfolding Sys_pHe_mix Sys_ana Sys_had Sys_tot
39.8107 63.0957 49.8553 0.445688 4.20E-05 0.05 0.025 0.001745615767 0.009756528457 0.004877851771 0.05698272071 0.15 0.1604588123
63.0957 100 79.0154 0.132819 1.62E-05 0.05 0.025 0.001709092826 0.01193380821 0.00770221128 0.05770321339 0.15 0.1607160877
100 158.489 125.231 0.0381626 5.96E-06 0.05 0.025 0.001753025213 0.009351099518 0.009307541939 0.05746430628 0.12 0.1330494137
158.489 251.189 198.478 0.0108503 2.21E-06 0.05 0.025 0.001898565017 0.01172763343 0.01078311199 0.05815855431 0.12 0.1333507309
251.189 398.107 314.566 0.00308739 9.58E-07 0.05 0.025 0.001839741659 0.01529536522 0.01375919466 0.05959570693 0.1 0.116411547
398.107 630.957 498.553 8.93E-04 8.43E-07 0.05 0.025 0.001765121337 0.007729958144 0.01656997861 0.0588424345 0.1 0.1160277212
630.957 1000 790.154 2.66E-04 2.34E-07 0.05 0.025 0.002314475617 0.01438017132 0.01627271737 0.0600162266 0.1 0.1166273872
1000 1584.89 1252.31 8.07E-05 1.06E-07 0.05 0.025 0.002612971688 0.008521168877 0.01228059525 0.05792452814 0.1 0.115564921
1584.89 2511.89 1984.78 2.46E-05 4.55E-08 0.05 0.025 0.002752748683 0.008269923819 0.01061251708 0.05756383226 0.12 0.1330924295
2511.89 3981.07 3145.66 7.64E-06 1.53E-08 0.05 0.025 0.003070348291 0.007257296378 0.009891889698 0.05731443859 0.12 0.1329847543
3981.07 6309.57 4985.53 2.41E-06 7.20E-09 0.05 0.025 0.003105176958 0.00691462277 0.005990040155 0.05673036853 0.12 0.1327340752
6309.57 10000 7901.54 7.54E-07 3.10E-09 0.05 0.025 0.002835637786 0.007005351777 0.001362114128 0.05642668828 0.12 0.1326045669
10000 15848.9 12523.1 2.38E-07 1.30E-09 0.05 0.025 0.003359519058 0.01124872854 0.01149730144 0.05826669892 0.12 0.1333979318
15848.9 25118.9 19847.8 7.43E-08 5.23E-10 0.05 0.025 0.004891012411 0.01539657003 0.01997197058 0.06152118318 0.12 0.1348512365
25118.9 39810.7 31456.6 2.21E-08 2.38E-10 0.05 0.025 0.006182254305 0.01368546867 0.02147496096 0.06173885543 0.12 0.1349506809
39810.7 63095.7 49855.3 6.14E-09 8.48E-11 0.05 0.025 0.006806513129 0.009660964592 0.01548090558 0.05919730818 0.12 0.1338070301
63095.7 100000 79015.4 1.65E-09 3.46E-11 0.05 0.025 0.007112909871 0.01031588187 0.002138719919 0.05732874522 0.14 0.1512831287
100000 158489 125231 4.39E-10 1.43E-11 0.05 0.025 0.008912311054 0.007980108583 0.02971453287 0.06442875821 0.165895 0.1779668955
158489 251189 198478 1.24E-10 5.84E-12 0.05 0.025 0.01201256848 0.01241096126 0.04179020303 0.07190100716 0.165895 0.1808062661
251189 398107 314566 3.71E-11 2.24E-12 0.05 0.025 0.01533636633 0.03102136292 0.02836568229 0.07160405729 0.165895 0.1806883838
398107 630957 498553 1.17E-11 1.07E-12 0.05 0.025 0.01812913483 0.0252891755 0.01077833051 0.06487973748 0.165895 0.1781306581
630957 1000000 790154 3.39E-12 4.48E-13 0.05 0.025 0.02191833363 0.02078099546 0.006599988199 0.06388131938 0.165895 0.1777694405
