#E_min (Gev) E_max (GeV)  E_c (GeV)    Flux         Stat_err
3.98136e+01  6.31000e+01  4.98588e+01  4.52290e-01  6.33210e-04  
6.31000e+01  1.00006e+02  7.90206e+01  1.33937e-01  1.81978e-04  
1.00006e+02  1.58499e+02  1.25239e+02  3.86388e-02  4.17421e-05  
1.58499e+02  2.51202e+02  1.98489e+02  1.10356e-02  1.16887e-05  
2.51202e+02  3.98127e+02  3.14583e+02  3.15763e-03  3.16467e-06  
3.98127e+02  6.30987e+02  4.98578e+02  9.16552e-04  9.73080e-07  
6.30987e+02  1.00004e+03  7.90189e+02  2.70638e-04  3.40905e-07  
1.00004e+03  1.58495e+03  1.25236e+03  8.12439e-05  1.23378e-07  
1.58495e+03  2.51197e+03  1.98485e+03  2.45911e-05  5.06591e-08  
2.51197e+03  3.98119e+03  3.14576e+03  7.58026e-06  2.15816e-08  
3.98119e+03  6.30973e+03  4.98567e+03  2.36635e-06  8.64664e-09  
6.30973e+03  1.00002e+04  7.90172e+03  7.41461e-07  3.65568e-09  
1.00002e+04  1.58492e+04  1.25233e+04  2.32902e-07  1.46773e-09  
1.58492e+04  2.51192e+04  1.98481e+04  7.21678e-08  6.11937e-10  
2.51192e+04  3.98111e+04  3.14569e+04  2.11749e-08  2.45098e-10  
3.98111e+04  6.30960e+04  4.98557e+04  5.82082e-09  9.81272e-11  
6.30960e+04  1.00000e+05  7.90156e+04  1.60154e-09  3.72824e-11  
1.00000e+05  1.58489e+05  1.25231e+05  4.39545e-10  1.39983e-11  
1.58489e+05  2.51187e+05  1.98476e+05  1.25332e-10  5.69015e-12  
2.51187e+05  3.98102e+05  3.14563e+05  3.75178e-11  2.46783e-12  
3.98102e+05  6.30947e+05  4.98546e+05  1.20910e-11  1.26677e-12  
6.30947e+05  9.99979e+05  7.90139e+05  3.69032e-12  4.90504e-13
