# Columns: Emean_GeV  Emin_GeV  Emax_GeV  Counts  Flux  FluxErrStat
49.8553 39.8107 63.0957 33506865 0.445688 4.19966e-05
79.0154 63.0957 100 15916625 0.132819 1.62227e-05
125.231 100 158.489 7363250 0.0381626 5.95669e-06
198.478 158.489 251.189 3380067 0.0108503 2.21117e-06
314.566 251.189 398.107 1584285 0.00308739 9.58285e-07
498.553 398.107 630.957 746255 0.000893423 8.4332e-07
790.154 630.957 1000 357978 0.000266151 2.33596e-07
1252.31 1000 1584.89 177465 8.07127e-05 1.0643e-07
1984.78 1584.89 2511.89 88909 2.45936e-05 4.5465e-08
3145.66 2511.89 3981.07 44804 7.63757e-06 1.53064e-08
4985.53 3981.07 6309.57 22824 2.40566e-06 7.19556e-09
7901.54 6309.57 10000 11727 7.53975e-07 3.09933e-09
12523.1 10000 15848.9 5753 2.37534e-07 1.30251e-09
19847.8 15848.9 25118.9 2551 7.42791e-08 5.22793e-10
31456.6 25118.9 39810.7 1222 2.20955e-08 2.37772e-10
49855.3 39810.7 63095.7 551 6.1353e-09 8.48498e-11
79015.4 63095.7 100000 264 1.65052e-09 3.45635e-11
125231 100000 158489 112 4.3928e-10 1.43368e-11
198478 158489 251189 62 1.2412e-10 5.83966e-12
314566 251189 398107 25 3.7147e-11 2.235e-12
498553 398107 630957 8 1.16994e-11 1.06936e-12
790154 630957 1e+06 10 3.3894e-12 4.4787e-13

