#E_min (Gev) E_max (GeV)  E_c (GeV)    Flux         Stat_err     Sys_err_ana  Sys_err_had  Sys_err_tot
#doerrorbands
3.98107e+01  6.30957e+01  4.98335e+01  1.71782e-01  1.87244e-05  7.49937e-03  2.23317e-02  2.35573e-02  
6.30957e+01  1.00000e+02  7.89808e+01  5.34700e-02  7.77781e-06  2.35083e-03  6.95110e-03  7.33786e-03  
1.00000e+02  1.58489e+02  1.25176e+02  1.60080e-02  3.19944e-06  7.11759e-04  2.08104e-03  2.19939e-03  
1.58489e+02  2.51189e+02  1.98391e+02  4.67773e-03  1.51510e-06  2.09191e-04  6.08105e-04  6.43080e-04  
2.51189e+02  3.98107e+02  3.14428e+02  1.34920e-03  6.52498e-07  6.01256e-05  1.75396e-04  1.85415e-04  
3.98107e+02  6.30957e+02  4.98335e+02  3.94014e-04  2.54779e-07  1.76360e-05  4.45521e-05  4.79157e-05  
6.30957e+02  1.00000e+03  7.89808e+02  1.16843e-04  1.06205e-07  5.26278e-06  1.11376e-05  1.23184e-05  
1.00000e+03  1.58489e+03  1.25176e+03  3.52988e-05  5.02412e-08  1.57196e-06  3.36472e-06  3.71381e-06  
1.58489e+03  2.51189e+03  1.98391e+03  1.07113e-05  1.95894e-08  4.79390e-07  1.02101e-06  1.12795e-06  
2.51189e+03  3.98107e+03  3.14428e+03  3.33421e-06  9.30968e-09  1.49574e-07  3.17820e-07  3.51258e-07  
3.98107e+03  6.30957e+03  4.98335e+03  1.06040e-06  4.51316e-09  4.76968e-08  1.01079e-07  1.11767e-07  
6.30957e+03  1.00000e+04  7.89808e+03  3.43209e-07  1.94988e-09  1.53201e-08  3.27150e-08  3.61244e-08  
1.00000e+04  1.58489e+04  1.25176e+04  1.13456e-07  7.47419e-10  5.13182e-09  1.08147e-08  1.19706e-08  
1.58489e+04  2.51189e+04  1.98391e+04  3.77764e-08  3.68125e-10  1.71451e-09  3.60088e-09  3.98822e-09  
2.51189e+04  3.98107e+04  3.14428e+04  1.20358e-08  1.44037e-10  5.49100e-10  1.14726e-09  1.27190e-09  
3.98107e+04  6.30957e+04  4.98335e+04  3.55297e-09  6.04772e-11  1.66141e-10  3.38672e-10  3.77229e-10  
6.30957e+04  1.00000e+05  7.89808e+04  1.01569e-09  2.46131e-11  4.79244e-11  9.68161e-11  1.08028e-10  
1.00000e+05  1.58489e+05  1.25176e+05  2.73947e-10  1.04553e-11  1.50822e-11  2.61129e-11  3.01555e-11  
1.58489e+05  2.51189e+05  1.98391e+05  7.48995e-11  4.19132e-12  5.00608e-12  7.13949e-12  8.71970e-12  
2.51189e+05  3.98107e+05  3.14428e+05  2.07060e-11  1.61012e-12  1.60163e-12  1.97372e-12  2.54181e-12  
3.98107e+05  6.30957e+05  4.98335e+05  6.23280e-12  6.87212e-13  5.48013e-13  5.94116e-13  8.08265e-13  
6.30957e+05  1.00000e+06  7.89808e+05  1.92994e-12  2.81965e-13  1.98207e-13  1.83963e-13  2.70423e-13  
