emin    emax      ene      flux      stat         ana         had        pow
     39.8136      63.1000      49.8588 2.807349e-01 4.477474e-04 1.199080e-02 6.950034e-03 1.385937e-02
     63.1000     100.0063      79.0206 8.053711e-02 1.286777e-04 3.440591e-03 1.993822e-03 3.976555e-03
    100.0063     158.4987     125.2386 2.265158e-02 2.951611e-05 9.733644e-04 5.607754e-04 1.123346e-03
    158.4987     251.2024     198.4890 6.363875e-03 8.265162e-06 2.739788e-04 1.575477e-04 3.160469e-04
    251.2024     398.1273     314.5826 1.810151e-03 2.237761e-06 7.815087e-05 4.481313e-05 9.008760e-05
    398.1273     630.9866     498.5777 5.230364e-04 6.880717e-07 2.268378e-05 1.547686e-05 2.746065e-05
    630.9866    1000.0421     790.1890 1.539413e-04 2.410565e-07 6.714112e-06 5.809011e-06 8.878283e-06
   1000.0421    1584.9532    1252.3599 4.598902e-05 8.724147e-08 2.015564e-06 2.174197e-06 2.964731e-06
   1584.9532    2511.9710    1984.8484 1.389301e-05 3.582140e-08 6.134990e-07 8.028353e-07 1.010409e-06
   2511.9710    3981.1890    3145.7595 4.250121e-06 1.526050e-08 1.890670e-07 2.925779e-07 3.483506e-07
   3981.1890    6309.7328    4985.6718 1.307238e-06 6.114096e-09 5.815261e-08 1.045897e-07 1.196693e-07
   6309.7328   10000.2104    7901.7241 3.986629e-07 2.584958e-09 1.777923e-08 3.622444e-08 4.035234e-08
  10000.2104   15849.1987   12523.3360 1.195811e-07 1.037843e-09 5.385867e-09 1.207564e-08 1.322228e-08
  15849.1987   25119.1815   19848.0664 3.443574e-08 4.327047e-10 1.563285e-09 3.785704e-09 4.095780e-09
  25119.1815   39811.0522   31456.9329 9.153178e-09 1.733107e-10 4.157240e-10 1.073623e-09 1.151300e-09
  39811.0522   63096.0000   49855.6690 2.271955e-09 6.938644e-11 1.035696e-10 2.786220e-10 2.972489e-10
  63096.0000  100000.0000   79015.5778 5.870105e-10 2.636262e-11 2.710932e-11 7.368681e-11 7.851536e-11
 100000.0000  158488.6522  125230.7243 1.659087e-10 9.898262e-12 7.725554e-12 2.082967e-11 2.221620e-11
 158488.6522  251186.5288  198476.4871 5.051594e-11 4.023542e-12 2.472948e-12 6.342223e-12 6.807295e-12
 251186.5288  398102.1440  314562.7093 1.683487e-11 1.745019e-12 9.546232e-13 2.113601e-12 2.319184e-12
 398102.1440  630946.7225  498546.1984 5.865078e-12 8.957448e-13 3.516008e-13 7.363544e-13 8.159908e-13
 630946.7225  999978.9567  790139.1505 1.762486e-12 3.468385e-13 1.783108e-13 2.212783e-13 2.841810e-13
