E_BGO_min    E_BGO_max    E_BGO_center Counts       Background (%)
3.9811e+00   6.3096e+00   4.9834e+00   1.1202e+07   2.9840e+00   
6.3096e+00   1.0000e+01   7.8981e+00   4.4030e+07   2.9103e+00   
1.0000e+01   1.5849e+01   1.2518e+01   5.3893e+07   3.2428e+00   
1.5849e+01   2.5119e+01   1.9839e+01   4.6037e+07   3.9813e+00   
2.5119e+01   3.9811e+01   3.1443e+01   2.8698e+07   4.3051e+00   
3.9811e+01   6.3096e+01   4.9834e+01   1.5476e+07   3.8263e+00   
6.3096e+01   1.0000e+02   7.8981e+01   7.6526e+06   3.5979e+00   
1.0000e+02   1.5849e+02   1.2518e+02   3.6226e+06   3.5149e+00   
1.5849e+02   2.5119e+02   1.9839e+02   1.6793e+06   3.5563e+00   
2.5119e+02   3.9811e+02   3.1443e+02   7.9276e+05   3.7194e+00   
3.9811e+02   6.3096e+02   4.9834e+02   3.7553e+05   3.9408e+00   
6.3096e+02   1.0000e+03   7.8981e+02   1.8050e+05   3.9929e+00   
1.0000e+03   1.5849e+03   1.2518e+03   9.0827e+04   3.9873e+00   
1.5849e+03   2.5119e+03   1.9839e+03   4.6411e+04   4.0116e+00   
2.5119e+03   3.9811e+03   3.1443e+03   2.4098e+04   4.0249e+00   
3.9811e+03   6.3096e+03   4.9834e+03   1.2695e+04   3.9759e+00   
6.3096e+03   1.0000e+04   7.8981e+03   6.8210e+03   3.4949e+00   
1.0000e+04   1.5849e+04   1.2518e+04   3.5260e+03   3.8187e+00   
1.5849e+04   2.5119e+04   1.9839e+04   1.6070e+03   3.6984e+00   
2.5119e+04   3.9811e+04   3.1443e+04   8.2300e+02   4.5216e+00   
3.9811e+04   6.3096e+04   4.9834e+04   3.5200e+02   6.0946e+00   
6.3096e+04   1.0000e+05   7.8981e+04   1.8100e+02   9.3657e+00   
1.0000e+05   1.5849e+05   1.2518e+05   6.3000e+01   1.3435e+01   
1.5849e+05   2.5119e+05   1.9839e+05   3.5000e+01   1.8250e+01   
2.5119e+05   3.9811e+05   3.1443e+05   1.4000e+01   2.3567e+01   
3.9811e+05   6.3096e+05   4.9834e+05   3.0000e+00   3.1787e+01   
6.3096e+05   1.0000e+06   7.8981e+05   5.0000e+00   4.3267e+01   
1.0000e+06   5.0000e+06   2.0951e+06   0.0000e+00   6.1799e+01   
