#proton paper data from Andrii										
#Qty	Emean	Elo	Eup	y	ystat_lo	y_stat_up	y_syst_lo	y_syst_up	yerrotot_lo	yerrtot_up
p	49.8588	39.8136	63.1	2.81E-01	4.48E-04	4.48E-04	1.20E-02	1.20E-02	1.39E-02	1.39E-02
p	79.0206	63.1	100.0063	8.05E-02	1.29E-04	1.29E-04	3.44E-03	3.44E-03	3.98E-03	3.98E-03
p	125.2386	100.0063	158.4987	2.27E-02	2.95E-05	2.95E-05	9.73E-04	9.73E-04	1.12E-03	1.12E-03
p	198.489	158.4987	251.2024	6.36E-03	8.27E-06	8.27E-06	2.74E-04	2.74E-04	3.16E-04	3.16E-04
p	314.5826	251.2024	398.1273	1.81E-03	2.24E-06	2.24E-06	7.82E-05	7.82E-05	9.01E-05	9.01E-05
p	498.5777	398.1273	630.9866	5.23E-04	6.88E-07	6.88E-07	2.27E-05	2.27E-05	2.75E-05	2.75E-05
p	790.189	630.9866	1000.0421	1.54E-04	2.41E-07	2.41E-07	6.71E-06	6.71E-06	8.88E-06	8.88E-06
p	1252.3599	1000.0421	1584.9532	4.60E-05	8.72E-08	8.72E-08	2.02E-06	2.02E-06	2.96E-06	2.96E-06
p	1984.8484	1584.9532	2511.971	1.39E-05	3.58E-08	3.58E-08	6.13E-07	6.13E-07	1.01E-06	1.01E-06
p	3145.7595	2511.971	3981.189	4.25E-06	1.53E-08	1.53E-08	1.89E-07	1.89E-07	3.48E-07	3.48E-07
p	4985.6718	3981.189	6309.7328	1.31E-06	6.11E-09	6.11E-09	5.82E-08	5.82E-08	1.20E-07	1.20E-07
p	7901.7241	6309.7328	10000.2104	3.99E-07	2.58E-09	2.58E-09	1.78E-08	1.78E-08	4.04E-08	4.04E-08
p	12523.336	10000.2104	15849.1987	1.20E-07	1.04E-09	1.04E-09	5.39E-09	5.39E-09	1.32E-08	1.32E-08
p	19848.0664	15849.1987	25119.1815	3.44E-08	4.33E-10	4.33E-10	1.56E-09	1.56E-09	4.10E-09	4.10E-09
p	31456.9329	25119.1815	39811.0522	9.15E-09	1.73E-10	1.73E-10	4.16E-10	4.16E-10	1.15E-09	1.15E-09
p	49855.669	39811.0522	63096	2.27E-09	6.94E-11	6.94E-11	1.04E-10	1.04E-10	2.97E-10	2.97E-10
p	79015.5778	63096	100000	5.87E-10	2.64E-11	2.64E-11	2.71E-11	2.71E-11	7.85E-11	7.85E-11
p	125230.7243	100000	158488.6522	1.66E-10	9.90E-12	9.90E-12	7.73E-12	7.73E-12	2.22E-11	2.22E-11
p	198476.4871	158488.6522	251186.5288	5.05E-11	4.02E-12	4.02E-12	2.47E-12	2.47E-12	6.81E-12	6.81E-12
p	314562.7093	251186.5288	398102.144	1.68E-11	1.75E-12	1.75E-12	9.55E-13	9.55E-13	2.32E-12	2.32E-12
p	498546.1984	398102.144	630946.7225	5.87E-12	8.96E-13	8.96E-13	3.52E-13	3.52E-13	8.16E-13	8.16E-13
p	790139.1505	630946.7225	999978.9567	1.76E-12	3.47E-13	3.47E-13	1.78E-13	1.78E-13	2.84E-13	2.84E-13