#Helium paper data from Paul										
# Qty	<E>	Elo	Eup	y	ystat_lo	ystat_up	ysyst_lo	ysyst_up	yerrtot_lo	yerrtot_up
He	4.98E+01	3.98E+01	6.31E+01	1.72E-01	1.87E-05	1.87E-05	7.50E-03	7.50E-03	2.36E-02	2.36E-02
He	7.90E+01	6.31E+01	1.00E+02	5.35E-02	7.78E-06	7.78E-06	2.35E-03	2.35E-03	7.34E-03	7.34E-03
He	1.25E+02	1.00E+02	1.58E+02	1.60E-02	3.20E-06	3.20E-06	7.12E-04	7.12E-04	2.20E-03	2.20E-03
He	1.98E+02	1.58E+02	2.51E+02	4.68E-03	1.52E-06	1.52E-06	2.09E-04	2.09E-04	6.43E-04	6.43E-04
He	3.14E+02	2.51E+02	3.98E+02	1.35E-03	6.52E-07	6.52E-07	6.01E-05	6.01E-05	1.85E-04	1.85E-04
He	4.98E+02	3.98E+02	6.31E+02	3.94E-04	2.55E-07	2.55E-07	1.76E-05	1.76E-05	4.79E-05	4.79E-05
He	7.90E+02	6.31E+02	1.00E+03	1.17E-04	1.06E-07	1.06E-07	5.26E-06	5.26E-06	1.23E-05	1.23E-05
He	1.25E+03	1.00E+03	1.58E+03	3.53E-05	5.02E-08	5.02E-08	1.57E-06	1.57E-06	3.71E-06	3.71E-06
He	1.98E+03	1.58E+03	2.51E+03	1.07E-05	1.96E-08	1.96E-08	4.79E-07	4.79E-07	1.13E-06	1.13E-06
He	3.14E+03	2.51E+03	3.98E+03	3.33E-06	9.31E-09	9.31E-09	1.50E-07	1.50E-07	3.51E-07	3.51E-07
He	4.98E+03	3.98E+03	6.31E+03	1.06E-06	4.51E-09	4.51E-09	4.77E-08	4.77E-08	1.12E-07	1.12E-07
He	7.90E+03	6.31E+03	1.00E+04	3.43E-07	1.95E-09	1.95E-09	1.53E-08	1.53E-08	3.61E-08	3.61E-08
He	1.25E+04	1.00E+04	1.58E+04	1.13E-07	7.47E-10	7.47E-10	5.13E-09	5.13E-09	1.20E-08	1.20E-08
He	1.98E+04	1.58E+04	2.51E+04	3.78E-08	3.68E-10	3.68E-10	1.71E-09	1.71E-09	3.99E-09	3.99E-09
He	3.14E+04	2.51E+04	3.98E+04	1.20E-08	1.44E-10	1.44E-10	5.49E-10	5.49E-10	1.27E-09	1.27E-09
He	4.98E+04	3.98E+04	6.31E+04	3.55E-09	6.05E-11	6.05E-11	1.66E-10	1.66E-10	3.77E-10	3.77E-10
He	7.90E+04	6.31E+04	1.00E+05	1.02E-09	2.46E-11	2.46E-11	4.79E-11	4.79E-11	1.08E-10	1.08E-10
He	1.25E+05	1.00E+05	1.58E+05	2.74E-10	1.05E-11	1.05E-11	1.51E-11	1.51E-11	3.02E-11	3.02E-11
He	1.98E+05	1.58E+05	2.51E+05	7.49E-11	4.19E-12	4.19E-12	5.01E-12	5.01E-12	8.72E-12	8.72E-12
He	3.14E+05	2.51E+05	3.98E+05	2.07E-11	1.61E-12	1.61E-12	1.60E-12	1.60E-12	2.54E-12	2.54E-12
He	4.98E+05	3.98E+05	6.31E+05	6.23E-12	6.87E-13	6.87E-13	5.48E-13	5.48E-13	8.08E-13	8.08E-13
He	7.90E+05	6.31E+05	1.00E+06	1.93E-12	2.82E-13	2.82E-13	1.98E-13	1.98E-13	2.70E-13	2.70E-13