49.8553	0.447862	4.09789e-05	0.0	39.8107	63.0957
79.0154	0.133842	1.61313e-05	0.0	63.0957	100
125.231	0.0385178	5.71714e-06	0.0	100	158.489
198.478	0.0109673	2.02155e-06	0.0	158.489	251.189
314.566	0.00312987	8.85373e-07	0.0	251.189	398.107
498.553	0.000908227	6.20979e-07	0.0	398.107	630.957
790.154	0.000270482	2.12974e-07	0.0	630.957	1000
1252.31	8.17039e-05	9.17192e-08	0.0	1000	1584.89
1984.78	2.48546e-05	4.09748e-08	0.0	1584.89	2511.89
3145.66	7.71312e-06	1.52133e-08	0.0	2511.89	3981.07
4985.53	2.42007e-06	7.12954e-09	0.0	3981.07	6309.57
7901.54	7.52948e-07	3.11666e-09	0.0	6309.57	10000
12523.1	2.34803e-07	1.29872e-09	0.0	10000	15848.9
19847.8	7.27956e-08	5.02074e-10	0.0	15848.9	25118.9
31456.6	2.1621e-08	2.2978e-10	0.0	25118.9	39810.7
49855.3	6.04032e-09	8.18508e-11	0.0	39810.7	63095.7
79015.4	1.65405e-09	3.27734e-11	0.0	63095.7	100000
125231	4.52333e-10	1.41428e-11	0.0	100000	158489
198478	1.29307e-10	5.7711e-12	0.0	158489	251189
314566	3.82007e-11	2.26394e-12	0.0	251189	398107
498553	1.18255e-11	1.07641e-12	0.0	398107	630957
790154	3.41177e-12	4.48843e-13	0.0	630957	1e+06
