12.5231	0	0	0.0	10	15.8489
19.8478	9.08401	0.0102299	0.0	15.8489	25.1189
31.4566	2.88434	0.000949654	0.0	25.1189	39.8107
49.8553	0.895756	8.19623e-05	0.0	39.8107	63.0957
79.0154	0.267682	3.22576e-05	0.0	63.0957	100
125.231	0.0770338	1.14264e-05	0.0	100	158.489
198.478	0.0219346	4.03917e-06	0.0	158.489	251.189
314.566	0.00625971	1.77018e-06	0.0	251.189	398.107
498.553	0.00181643	1.23929e-06	0.0	398.107	630.957
790.154	0.000540957	4.25329e-07	0.0	630.957	1000
1252.31	0.000163406	1.83314e-07	0.0	1000	1584.89
1984.78	4.97094e-05	8.17979e-08	0.0	1584.89	2511.89
3145.66	1.54266e-05	3.04084e-08	0.0	2511.89	3981.07
4985.53	4.84049e-06	1.42607e-08	0.0	3981.07	6309.57
7901.54	1.50594e-06	6.23425e-09	0.0	6309.57	10000
12523.1	4.69578e-07	2.59555e-09	0.0	10000	15848.9
19847.8	1.45587e-07	1.00443e-09	0.0	15848.9	25118.9
31456.6	4.32426e-08	4.59489e-10	0.0	25118.9	39810.7
49855.3	1.2081e-08	1.63687e-10	0.0	39810.7	63095.7
79015.4	3.30817e-09	6.55566e-11	0.0	63095.7	100000
125231	9.0465e-10	2.82812e-11	0.0	100000	158489
198478	2.58606e-10	1.15423e-11	0.0	158489	251189
314566	7.64016e-11	4.5276e-12	0.0	251189	398107
498553	2.36521e-11	2.15302e-12	0.0	398107	630957
790154	6.82394e-12	8.97681e-13	0.0	630957	1e+06
1.25231e+06	1.89096e-12	3.34876e-13	0.0	1e+06	1.58489e+06
1.98478e+06	7.13414e-13	1.72294e-13	0.0	1.58489e+06	2.51189e+06
3.14566e+06	2.06337e-13	6.88967e-14	0.0	2.51189e+06	3.98107e+06
4.98553e+06	5.25799e-14	3.07318e-14	0.0	3.98107e+06	6.30957e+06
7.90154e+06	0	0	0.0	6.30957e+06	1e+07
