49.8553	0.447862	4.09776e-05	0.0	39.8107	63.0957
79.0154	0.133842	1.6114e-05	0.0	63.0957	100
125.231	0.0385178	5.69512e-06	0.0	100	158.489
198.478	0.0109673	2.00984e-06	0.0	158.489	251.189
314.566	0.00312988	8.82962e-07	0.0	251.189	398.107
498.553	0.00090823	6.09049e-07	0.0	398.107	630.957
790.154	0.000270481	2.10541e-07	0.0	630.957	1000
1252.31	8.17017e-05	9.1249e-08	0.0	1000	1584.89
1984.78	2.48528e-05	4.04472e-08	0.0	1584.89	2511.89
3145.66	7.71299e-06	1.50848e-08	0.0	2511.89	3981.07
4985.53	2.42018e-06	7.31368e-09	0.0	3981.07	6309.57
7901.54	7.53544e-07	3.10811e-09	0.0	6309.57	10000
12523.1	2.34699e-07	1.32224e-09	0.0	10000	15848.9
19847.8	7.24732e-08	5.09374e-10	0.0	15848.9	25118.9
31456.6	2.13571e-08	2.39376e-10	0.0	25118.9	39810.7
49855.3	5.89134e-09	7.79201e-11	0.0	39810.7	63095.7
79015.4	1.60745e-09	3.22929e-11	0.0	63095.7	100000
125231	4.47772e-10	1.41586e-11	0.0	100000	158489
198478	1.30436e-10	5.6059e-12	0.0	158489	251189
314566	3.85518e-11	2.27511e-12	0.0	251189	398107
498553	1.18396e-11	1.07763e-12	0.0	398107	630957
790154	3.40511e-12	4.47543e-13	0.0	630957	1e+06
