# EtrueGeV originalAll mixAll mixOverOriginalAll originalFinal mixFinal mixOverOriginalFinal effOriginal effMix effMixOverOriginal fp fHe
12.5892541179 0 0 -1 0 0 -1 -1 -1 -1 0.604922912588 0.395077087412
19.9526231497 1.26885734724e-07 7.61710004372e-08 0.600311773449 2.63892513572e-08 1.58417782822e-08 0.600311773449 0.207976502754 0.207976502754 1 0.600311773449 0.399688226551
31.6227766017 0.000214920298647 0.000121140127318 0.563651400451 7.02537037813e-05 3.92944806444e-05 0.559322548555 0.326882589609 0.32437212602 0.992319983785 0.595701532113 0.404298467887
50.1187233627 0.00195053816183 0.000990066625562 0.507586390739 0.000630271680105 0.000314983072392 0.499757616175 0.323127069462 0.318143309005 0.984576468741 0.591139105008 0.408860894992
79.4328234724 0.00339893474575 0.00167978992757 0.494210702243 0.0010357426158 0.000504007821481 0.486614930961 0.304725654736 0.30004217385 0.984630500215 0.58669927137 0.41330072863
125.892541179 0.00392100340926 0.00192985562896 0.492184124195 0.0012054874277 0.00058354599097 0.484074721612 0.307443606106 0.302378054718 0.983523640473 0.582487930782 0.417512069218
199.526231497 0.00410241730159 0.00201939726164 0.492245696422 0.00126591358685 0.00061352123506 0.484647010216 0.308577478542 0.303814037344 0.984563224704 0.578633154664 0.421366845336
316.227766017 0.00417506767407 0.00205519342469 0.492253919008 0.00132592705985 0.000642173984801 0.484320747533 0.317582171921 0.312464012919 0.983883985137 0.575252482265 0.424747517735
501.187233627 0.00421078607781 0.00207318881108 0.492351967724 0.00137818590031 0.000668163590421 0.484813834093 0.327298959111 0.322287862471 0.984689543 0.572388048022 0.427611951978
794.328234724 0.00420955567749 0.0020754349459 0.493029456054 0.00141348055156 0.000686555085167 0.485719513021 0.335779036993 0.330800580631 0.985173415211 0.569916529688 0.430083470312
1258.92541179 0.00422672820763 0.00208193426457 0.492564026428 0.0014596826306 0.000708701813825 0.485517741302 0.345345751818 0.340405470953 0.985694681811 0.567461485456 0.432538514544
1995.26231497 0.00421614553609 0.00208098341502 0.493574853432 0.00150240975949 0.000732607825249 0.487621849248 0.356346750041 0.352048853423 0.987939004303 0.564330700885 0.435669299115
3162.27766017 0.00417398123989 0.00206139690826 0.493868273427 0.00156825771002 0.000764606905983 0.487551823336 0.375722270871 0.37091687822 0.98721025336 0.559440217864 0.440559782136
5011.87233627 0.00416002375072 0.00205844038312 0.494814574739 0.00162044581872 0.000793835269488 0.489886955995 0.389528020949 0.385648900011 0.990041484234 0.551100610179 0.448899389821
7943.28234724 0.00414685316324 0.00205846192252 0.496391321681 0.00171730592439 0.000846496809384 0.492921381893 0.414122674904 0.411227820211 0.993009668709 0.536593090618 0.463406909382
12589.2541179 0.004150935209 0.00207051296523 0.498806380003 0.00179285283975 0.000892512975076 0.497817196866 0.431915399657 0.43105886805 0.998016899589 0.512074297261 0.487925702739
19952.6231497 0.00411154144939 0.00206566422364 0.502406274888 0.00188053412196 0.000947927878316 0.504073745457 0.457379341813 0.458897369412 1.00331896844 0.474918530944 0.525081469056
31622.7766017 0.00413173078808 0.00209220230921 0.506374305713 0.00202498477024 0.00103387082965 0.510557335959 0.490105690353 0.494154329677 1.00826074743 0.430358469081 0.569641530919
50118.7233627 0.0040994066613 0.00208983314087 0.509789175249 0.00215470120881 0.0011084624291 0.514439043597 0.525612945198 0.530407144675 1.00912115944 0.392083770974 0.607916229026
79432.8234724 0.00405321630656 0.00207385882792 0.511657575384 0.00230827008318 0.00119105684549 0.515995443588 0.569490969292 0.574319152999 1.00847806895 0.368990037551 0.631009962449
125892.541179 0.0040613254426 0.00206559281576 0.508600663737 0.00259434891493 0.00132145038692 0.509357233837 0.638793652861 0.639743891845 1.00148755233 0.377944815338 0.622055184662
199526.231497 0.00391158378785 0.00198438328118 0.507309414499 0.00270817820852 0.0013716912231 0.506499616157 0.692348254672 0.691243086007 0.998403738786 0.414845411076 0.585154588924
316227.766017 0.00378679839647 0.00190680663623 0.503540573484 0.00280630655093 0.00141305361704 0.503527890271 0.741076301696 0.741057635418 0.999974811934 0.451020147896 0.548979852104
501187.233627 0.00371527653082 0.00186535132177 0.502076038298 0.0028647543636 0.00143855382927 0.502156082751 0.771074330494 0.771197260526 1.00015942695 0.468458902453 0.531541097547
794328.234724 0.00375926828141 0.00188198866352 0.500626324764 0.0029287133794 0.00146680161116 0.500834810768 0.779064743498 0.779389185278 1.00041645034 0.48067870635 0.51932129365
1258925.41179 0.00382129318455 0.00191189764185 0.500327389058 0.00303107265397 0.00151671476085 0.500388784433 0.793205992731 0.793303327357 1.0001227104 0.492155530962 0.507844469038
1995262.31497 0.00388788539292 0.00194398091184 0.500009829349 0.00313701589365 0.00156855392117 0.500014655439 0.806869435853 0.806877223749 1.00000965199 0.49957467381 0.50042532619
3162277.66017 0.00371506942439 0.00185823487553 0.500188465747 0.00303033959036 0.00151643532994 0.500417621433 0.815688549577 0.816062248056 1.00045813868 0.487406067681 0.512593932319
5011872.33627 0.00217607759878 0.0010897350526 0.500779500334 0.00179614472261 0.000901560236506 0.501941867577 0.825404720687 0.827320580679 1.00232111586 0.450946553655 0.549053446345
7943282.34724 0 0 -1 0 0 -1 -1 -1 -1 0.426474070967 0.573525929033
