# E_GeV  delta_percent_signed  abs_delta_percent  E_low_GeV  E_high_GeV
# delta = 100 * (flux_SBPLmix_ratioGen - flux_original) / flux_original
49.8553 0.487785177075 0.487785177075 39.8107 63.0957
79.0154 0.770221128001 0.770221128001 63.0957 100
125.231 0.930754193897 0.930754193897 100 158.489
198.478 1.07831119877 1.07831119877 158.489 251.189
314.566 1.37591500939 1.37591500939 251.189 398.107
498.553 1.65687851386 1.65687851386 398.107 630.957
790.154 1.6280415408 1.6280415408 630.957 1000
1252.31 1.22984892658 1.22984892658 1000 1584.89
1984.78 1.06297323455 1.06297323455 1584.89 2511.89
3145.66 0.98523908905 0.98523908905 2511.89 3981.07
4985.53 0.583925224323 0.583925224323 3981.07 6309.57
7901.54 -0.146425689294 0.146425689294 6309.57 10000
12523.1 -1.14815204802 1.14815204802 10000 15848.9
19847.8 -1.99344668433 1.99344668433 15848.9 25118.9
31456.6 -1.9484424856 1.9484424856 25118.9 39810.7
49855.3 -0.73931547609 0.73931547609 39810.7 63095.7
79015.4 1.25350382665 1.25350382665 63095.7 100000
125231 3.03676005293 3.03676005293 100000 158489
198478 3.50831250248 3.50831250248 158489 251189
314566 2.54638311455 2.54638311455 251189 398107
498553 1.24161992065 1.24161992065 398107 630957
790154 0.924144839994 0.924144839994 630957 1000000
