# E_GeV  delta_percent_signed  abs_delta_percent  E_low_GeV  E_high_GeV
# delta = 100 * (flux_SBPLmix - flux_original) / flux_original
49.8553 100.982750265 100.982750265 39.8107 63.0957
79.0154 101.538936447 101.538936447 63.0957 100
125.231 101.856791728 101.856791728 100 158.489
198.478 102.156622398 102.156622398 158.489 251.189
314.566 102.750867237 102.750867237 251.189 398.107
498.553 103.311309425 103.311309425 398.107 630.957
790.154 103.251913388 103.251913388 630.957 1000
1252.31 102.453888917 102.453888917 1000 1584.89
1984.78 102.123316635 102.123316635 1584.89 2511.89
3145.66 101.983091481 101.983091481 2511.89 3981.07
4985.53 101.212557053 101.212557053 3981.07 6309.57
7901.54 99.7334129116 99.7334129116 6309.57 10000
12523.1 97.688751926 97.688751926 10000 15848.9
19847.8 95.9999515341 95.9999515341 15848.9 25118.9
31456.6 95.7077232921 95.7077232921 25118.9 39810.7
49855.3 96.9096865679 96.9096865679 39810.7 63095.7
79015.4 100.431985071 100.431985071 63095.7 100000
125231 105.939264251 105.939264251 100000 158489
198478 108.35159523 108.35159523 158489 251189
314566 105.673674859 105.673674859 251189 398107
498553 102.165068294 102.165068294 398107 630957
790154 101.331799138 101.331799138 630957 1000000
