# E_GeV  delta_percent_signed  abs_delta_percent  E_low_GeV  E_high_GeV
# delta = 100 * (flux_SBPLmix_ratioGen - flux_original) / flux_original
49.8553 0.487785177075 0.487785177075 39.8107 63.0957
79.0154 0.770221128001 0.770221128001 63.0957 100
125.231 0.930754193897 0.930754193897 100 158.489
198.478 1.07831119877 1.07831119877 158.489 251.189
314.566 1.37591946596 1.37591946596 251.189 398.107
498.553 1.65699786104 1.65699786104 398.107 630.957
790.154 1.62727173672 1.62727173672 630.957 1000
1252.31 1.22805952471 1.22805952471 1000 1584.89
1984.78 1.06125170776 1.06125170776 1584.89 2511.89
3145.66 0.98918896979 0.98918896979 2511.89 3981.07
4985.53 0.59900401553 0.59900401553 3981.07 6309.57
7901.54 -0.136211412845 0.136211412845 6309.57 10000
12523.1 -1.1497301439 1.1497301439 10000 15848.9
19847.8 -1.99719705812 1.99719705812 15848.9 25118.9
31456.6 -2.14749609649 2.14749609649 25118.9 39810.7
49855.3 -1.54809055792 1.54809055792 39810.7 63095.7
79015.4 0.213871991857 0.213871991857 63095.7 100000
125231 2.9714532872 2.9714532872 100000 158489
198478 4.17902030293 4.17902030293 158489 251189
314566 2.83656822893 2.83656822893 251189 398107
498553 1.07783305127 1.07783305127 398107 630957
790154 0.65999881985 0.65999881985 630957 1000000
