Ei(GeV)	Ef	MPVHMC	E_MPVHMC	SigLHMC	    	ESigLHMC	SigGHMC	    	ESigGHMC	MPVH	E_MPVH	    	SigLH	    	ESigLH	    	SigGH	    	ESigGH
25.12	39.81	    1.02906 0.000212695     0.0425094       0.00017349      0.0237017       0.000462068     1.02852	    1.80477e-05	0.042685	1.72318e-05	0.023407	4.3489e-05
39.81	63.10	    1.03469 0.000246015     0.0470501       0.000204893     0.0177378       0.000673692     1.035	    2.69752e-05	0.0470043	2.57424e-05	0.0204788	7.29697e-05
63.10	100.0	    1.04322 0.000362171     0.0520401       0.000295571     0.0101424       0.00161561      1.04251	    4.22862e-05	0.0513168	3.9889e-05	0.0173875	0.000132522
100.0	158.5	    1.05273 0.000399879     0.056959        0.00024024      0.000100003     0.0575301       1.05164	    6.71216e-05	0.0560667	6.20804e-05	0.012799	0.000279137
158.5	251.2	    1.06494 0.000434279     0.0619501       0.000249896     1.11006e-07     5.74414e-05     1.06288	    0.000109776	0.0613983	0.000100201	0.00779206	0.000754619
251.2	398.1	    1.07951 0.000483568     0.0681226       0.000274015     1.04758e-10     7.17926e-05     1.07771	    0.000181473	0.067595	0.000119993	1.07371e-06	0.0617734
398.11	630.96      1.09727 0.000617262     0.0758141       0.000354698     5.23954e-07     6.02993e-05     1.09582	    0.000299243	0.074609	0.000193398	4.33404e-09	7.44492e-05
630.96	1000.0      1.12278 0.000901916     0.0852821       0.000462579     6.89855e-07     6.88788e-05     1.12031	    0.000502247	0.0839114	0.00031608	2.45849e-09	9.26134e-08
1000.0	1585.0      1.15207 0.00106128      0.0974455       0.000561549     2.48704e-06     7.1328e-05      1.15733	    0.000820521	0.0978684	0.00049454	4.8559e-09	5.844e-08
1585.0	2512.0      1.19375 0.00117676      0.110965        0.000637541     3.20687e-07     8.1565e-05      1.19694	    0.00138061	0.112555	0.000812444	3.90118e-09	8.70098e-08
2512.0	3981.0      1.24935 0.00137128      0.12836         0.00065046      1.34609e-07     9.83743e-05     1.24609	    0.0024206	0.127711	0.00130868	7.8336e-08	7.49809e-08
3981.0	6309.6      1.31908 0.00169171      0.154286        0.000875097     2.08224e-10     9.97206e-05     1.32095	    0.00463157	0.156284	0.00263982	1.85716e-12	6.51158e-08
6309.6	10000.0     1.40747 0.00211247      0.181371        0.0012195       9.83509e-05     5.21081e-05     1.39518	    0.00776665	0.182615	0.00468915	4.36823e-08	5.7842e-08
10000.0	31623.0     1.59416 0.00204143      0.240054        0.00177674      0.0503785       0.00568057      1.57208	    0.018845	0.257824	0.0114645	7.92422e-08	8.23707e-08 