Ei(GeV)	Ef	MPVHeMC	E_MPVHeMC	SigLHeMC	ESigLHeMC	SigGHeMC	ESigGHeMC	MPVHe	E_MPVHe		SigLHe		ESigLHe		SigGHe		ESigGHe
25.12	39.81	  2.03686 0.00325366      0.07494       0.00252904      0.103164        0.00457896    2.03115	3.5031e-05	0.063252	3.5636e-05	0.0605155	7.39475e-05
39.81	63.10	  2.04427 0.00275815      0.0816194     0.00233495      0.0895548       0.00440875    2.04106	4.59122e-05	0.0703387	4.86193e-05	0.0580593	0.000105573
63.10	100.0	  2.04886 0.00246923      0.0845952     0.00215771      0.0848555       0.00403719    2.05201	6.63609e-05	0.0766324	7.07023e-05	0.0570892	0.000154192
100.0	158.5	  2.0664  0.00235677      0.0931439     0.00221142      0.0736341       0.0046239     2.06132	9.83115e-05	0.0760005	0.000113565	0.0651277	0.000226928
158.5	251.2	  2.07801 0.00227174      0.0968904     0.00209468      0.069404        0.00434534    2.07316	0.000150746	0.0798674	0.000178781	0.0685384	0.000352881
251.2	398.1	  2.09397 0.00226004      0.106795      0.00215995      0.0508338       0.00530781    2.08659	0.000233817	0.0842803	0.000287062	0.0731951	0.000553976
398.11	630.96    2.11342 0.00266923      0.114042      0.00246999      0.0359859       0.00806161    2.10266	0.000366056	0.0884307	0.000473314	0.0821008	0.000878115
630.96	1000.0    2.13599 0.00304742      0.12148       0.00297702      0.0392253       0.0100274     2.12628	0.00057693	0.104024	0.000701057	0.0469025	0.00229194
1000.0	1585.0    2.1462  0.00307771      0.123319      0.00285606      0.0467918       0.00740195    2.15045	0.000892487	0.114642	0.00107178	0.0539191	0.00339243
1585.0	2512.0    2.17933 0.00331282      0.137739      0.00311683      0.0260483       0.0153448     2.18126	0.00140098	0.131096	0.00161422	0.0588356	0.00542458
2512.0	3981.0    2.21012 0.0034433       0.144385      0.00345449      0.0500159       0.0103905     2.2126	0.00214301	0.142496	0.00252686	0.0744613	0.0076478
3981.0	6309.6    2.2527  0.00341399      0.169113      0.00193337      1.08859e-05     0.0831528    2.25909	0.00358373	0.161203	0.00493733	0.108253	0.0125398
6309.6	10000.0   2.32861 0.00362127      0.200286      0.0035954       0.043774        0.0153205    2.30314	0.0060043	0.176530	0.00990492	0.149491	0.021038
10000.0	31623.0   2.4517  0.00346302      0.264652      0.00392398      0.0409656       0.0328578    2.36275	0.00882341	0.206781	0.0155334	0.215996	0.0308766